152.7699139  
-32.60536832  
-96.13199639  
-18.17478341  
23.50447811  
4.343508275  
83.57072732  
-58.14789125  
-8.783606446  
102.5093277  
-11.55499987  
-8.400239237  
46.0645503  
-55.36005052  
19.16536683  
-0.8583687782  
-61.73467579  
10.0309309  
42.51558997  
17.6869912  
-28.08901855  
-45.23487118  
32.04137412  
66.49106236  
-24.78265501  
-123.7440118  
35.36507179  
-0.9735979239  
-57.51554187  
-29.43906893  
98.41125045  
-28.20056574  
-75.30755414  
101.0149036  
-22.7543316  
89.98078938  
-10.71435596  
20.20547159  
5.812264657  
44.62486242  
32.67098913  
-8.626639862  
-26.61661983  
-70.62857308  
-1.547536894  
-48.96479387  
-42.54483016  
-35.83675324  
-58.03946793  
-14.01592805  
26.89837315  
