1.290558e+01 1.250606e+01 -1.250606e+01 3.791770e+01
2.411195e+01 1.250606e+01 -1.250606e+01 4.912407e+01
-2.499829e+01 1.250606e+01 -1.250606e+01 1.383106e-02
-5.889484e+01 1.250606e+01 -1.250606e+01 -3.388272e+01
2.117380e+01 1.250606e+01 -1.250606e+01 4.618591e+01
2.246292e+01 1.250606e+01 -1.250606e+01 4.747503e+01
-9.365108e+00 1.250606e+01 -1.250606e+01 1.564701e+01
4.052026e-01 1.250606e+01 -1.250606e+01 2.541732e+01
-2.856517e+01 1.250606e+01 -1.250606e+01 -3.553056e+00
5.129924e+00 1.250606e+01 -1.250606e+01 3.014204e+01
-5.002884e+01 1.250606e+01 -1.250606e+01 -2.501672e+01
-5.065856e+01 1.250606e+01 -1.250606e+01 -2.564644e+01
-4.954023e+01 1.250606e+01 -1.250606e+01 -2.452811e+01
2.160762e+01 1.250606e+01 -1.250606e+01 4.661974e+01
1.085345e+00 1.250606e+01 -1.250606e+01 2.609746e+01
-1.499179e+01 1.250606e+01 -1.250606e+01 1.002032e+01
-1.386034e+01 1.250606e+01 -1.250606e+01 1.115178e+01
-3.086097e+01 1.250606e+01 -1.250606e+01 -5.848851e+00
-2.877044e+01 1.250606e+01 -1.250606e+01 -3.758321e+00
3.904890e+00 1.250606e+01 -1.250606e+01 2.891701e+01
-7.659671e+00 1.250606e+01 -1.250606e+01 1.735245e+01
-1.253278e+01 1.250606e+01 -1.250606e+01 1.247933e+01
3.384669e+00 1.250606e+01 -1.250606e+01 2.839679e+01
-1.571731e+01 1.250606e+01 -1.250606e+01 9.294808e+00
-3.245170e+01 1.250606e+01 -1.250606e+01 -7.439585e+00
-4.769263e+01 1.250606e+01 -1.250606e+01 -2.268051e+01
-4.914448e+01 1.250606e+01 -1.250606e+01 -2.413236e+01
1.250895e+01 1.250606e+01 -1.250606e+01 3.752106e+01
-6.745262e+00 1.250606e+01 -1.250606e+01 1.826686e+01
2.077465e+01 1.250606e+01 -1.250606e+01 4.578677e+01
1.566867e+01 1.250606e+01 -1.250606e+01 4.068079e+01
3.239069e+00 1.250606e+01 -1.250606e+01 2.825119e+01
-3.154798e+01 1.250606e+01 -1.250606e+01 -6.535858e+00
-5.619150e+01 1.250606e+01 -1.250606e+01 -3.117939e+01
-2.249033e+01 1.250606e+01 -1.250606e+01 2.521792e+00
1.024838e+01 1.250606e+01 -1.250606e+01 3.526050e+01
-5.972446e+01 1.250606e+01 -1.250606e+01 -3.471235e+01
-2.814835e+01 1.250606e+01 -1.250606e+01 -3.136234e+00
-1.844697e+01 1.250606e+01 -1.250606e+01 6.565148e+00
4.670791e+01 1.250606e+01 -1.250606e+01 7.172002e+01
1.670632e+01 1.250606e+01 -1.250606e+01 4.171843e+01
-2.021281e+01 1.250606e+01 -1.250606e+01 4.799307e+00
-7.191844e+00 1.250606e+01 -1.250606e+01 1.782027e+01
2.322364e+00 1.250606e+01 -1.250606e+01 2.733448e+01
-1.277564e+01 1.250606e+01 -1.250606e+01 1.223648e+01
-1.319666e+01 1.250606e+01 -1.250606e+01 1.181546e+01
-3.114910e+01 1.250606e+01 -1.250606e+01 -6.136984e+00
-2.626115e+01 1.250606e+01 -1.250606e+01 -1.249029e+00
-1.597367e+01 1.250606e+01 -1.250606e+01 9.038444e+00
-3.452527e+01 1.250606e+01 -1.250606e+01 -9.513150e+00
-2.121483e+01 1.250606e+01 -1.250606e+01 3.797284e+00
-1.321388e+01 1.250606e+01 -1.250606e+01 1.179824e+01
6.115652e+00 1.250606e+01 -1.250606e+01 3.112777e+01
-1.022264e+01 1.250606e+01 -1.250606e+01 1.478948e+01
-5.238938e+01 1.250606e+01 -1.250606e+01 -2.737726e+01
-5.681611e+01 1.250606e+01 -1.250606e+01 -3.180399e+01
-1.644434e+01 1.250606e+01 -1.250606e+01 8.567773e+00
-2.233478e+01 1.250606e+01 -1.250606e+01 2.677335e+00
-3.838361e+01 1.250606e+01 -1.250606e+01 -1.337149e+01
-2.770295e+01 1.250606e+01 -1.250606e+01 -2.690837e+00
-9.982564e+00 1.250606e+01 -1.250606e+01 1.502955e+01
1.814451e+01 1.250606e+01 -1.250606e+01 4.315663e+01
-3.386401e+00 1.250606e+01 -1.250606e+01 2.162572e+01
-4.738115e+01 1.250606e+01 -1.250606e+01 -2.236903e+01
-5.343288e+01 1.250606e+01 -1.250606e+01 -2.842076e+01
2.585620e+01 1.250606e+01 -1.250606e+01 5.086831e+01
-6.047077e+01 1.250606e+01 -1.250606e+01 -3.545865e+01
-3.207429e+01 1.250606e+01 -1.250606e+01 -7.062175e+00
-1.534400e+01 1.250606e+01 -1.250606e+01 9.668118e+00
-4.087591e+01 1.250606e+01 -1.250606e+01 -1.586379e+01
-1.203259e+01 1.250606e+01 -1.250606e+01 1.297953e+01
-2.229019e+01 1.250606e+01 -1.250606e+01 2.721931e+00
7.017210e+00 1.250606e+01 -1.250606e+01 3.202933e+01
-1.738089e+01 1.250606e+01 -1.250606e+01 7.631225e+00
-3.479809e+00 1.250606e+01 -1.250606e+01 2.153231e+01
-6.820506e+00 1.250606e+01 -1.250606e+01 1.819161e+01
7.201639e+00 1.250606e+01 -1.250606e+01 3.221376e+01
5.808713e+00 1.250606e+01 -1.250606e+01 3.082083e+01
-3.232968e+01 1.250606e+01 -1.250606e+01 -7.317559e+00
2.955023e+01 1.250606e+01 -1.250606e+01 5.456235e+01
1.055450e+02 1.250606e+01 -1.250606e+01 1.305571e+02
6.947403e+00 1.250606e+01 -1.250606e+01 3.195952e+01
2.716562e+00 1.250606e+01 -1.250606e+01 2.772868e+01
-3.376839e+00 1.250606e+01 -1.250606e+01 2.163528e+01
-1.411764e+01 1.250606e+01 -1.250606e+01 1.089447e+01
-1.226136e+01 1.250606e+01 -1.250606e+01 1.275076e+01
-3.392298e+01 1.250606e+01 -1.250606e+01 -8.910866e+00
-5.070471e+01 1.250606e+01 -1.250606e+01 -2.569260e+01
-2.380425e-01 1.250606e+01 -1.250606e+01 2.477407e+01
9.298385e+00 1.250606e+01 -1.250606e+01 3.431050e+01
3.758923e+01 1.250606e+01 -1.250606e+01 6.260135e+01
-1.801534e+00 1.250606e+01 -1.250606e+01 2.321058e+01
-2.834904e+01 1.250606e+01 -1.250606e+01 -3.336919e+00
