-5.513581e+00 3.038444e+01 3.038444e+01 -5.513581e+00
1.051463e+02 3.038444e+01 3.038444e+01 1.051463e+02
-4.701497e+01 3.038444e+01 3.038444e+01 -4.701497e+01
-1.749618e+01 3.038444e+01 3.038444e+01 -1.749618e+01
1.071006e+02 3.038444e+01 3.038444e+01 1.071006e+02
-1.671214e+00 3.038444e+01 3.038444e+01 -1.671214e+00
-1.734476e+01 3.038444e+01 3.038444e+01 -1.734476e+01
8.807045e+01 3.038444e+01 3.038444e+01 8.807045e+01
1.736527e+01 3.038444e+01 3.038444e+01 1.736527e+01
-1.461853e+01 3.038444e+01 3.038444e+01 -1.461853e+01
8.590325e+00 3.038444e+01 3.038444e+01 8.590325e+00
6.550609e+01 3.038444e+01 3.038444e+01 6.550609e+01
8.793391e+01 3.038444e+01 3.038444e+01 8.793391e+01
1.078994e+02 3.038444e+01 3.038444e+01 1.078994e+02
5.083762e+01 3.038444e+01 3.038444e+01 5.083762e+01
-4.555024e+01 3.038444e+01 3.038444e+01 -4.555024e+01
-3.073238e+00 3.038444e+01 3.038444e+01 -3.073238e+00
1.311570e+00 3.038444e+01 3.038444e+01 1.311570e+00
5.280526e+01 3.038444e+01 3.038444e+01 5.280526e+01
3.475650e+01 3.038444e+01 3.038444e+01 3.475650e+01
4.814061e+00 3.038444e+01 3.038444e+01 4.814061e+00
5.736086e+01 3.038444e+01 3.038444e+01 5.736086e+01
5.471203e+01 3.038444e+01 3.038444e+01 5.471203e+01
-3.920293e+01 3.038444e+01 3.038444e+01 -3.920293e+01
5.919062e+01 3.038444e+01 3.038444e+01 5.919062e+01
4.421418e+01 3.038444e+01 3.038444e+01 4.421418e+01
4.319765e+01 3.038444e+01 3.038444e+01 4.319765e+01
3.341301e+01 3.038444e+01 3.038444e+01 3.341301e+01
4.875887e+01 3.038444e+01 3.038444e+01 4.875887e+01
2.257478e+01 3.038444e+01 3.038444e+01 2.257478e+01
6.693118e+01 3.038444e+01 3.038444e+01 6.693118e+01
1.429999e+01 3.038444e+01 3.038444e+01 1.429999e+01
8.143465e+01 3.038444e+01 3.038444e+01 8.143465e+01
5.377406e+01 3.038444e+01 3.038444e+01 5.377406e+01
2.786119e+01 3.038444e+01 3.038444e+01 2.786119e+01
7.609383e+01 3.038444e+01 3.038444e+01 7.609383e+01
3.082010e+01 3.038444e+01 3.038444e+01 3.082010e+01
9.933274e+01 3.038444e+01 3.038444e+01 9.933274e+01
3.622710e+01 3.038444e+01 3.038444e+01 3.622710e+01
-1.394229e+01 3.038444e+01 3.038444e+01 -1.394229e+01
1.636373e+02 3.038444e+01 3.038444e+01 1.636373e+02
3.174493e+01 3.038444e+01 3.038444e+01 3.174493e+01
4.080757e+01 3.038444e+01 3.038444e+01 4.080757e+01
3.480226e+00 3.038444e+01 3.038444e+01 3.480226e+00
1.477256e+01 3.038444e+01 3.038444e+01 1.477256e+01
1.247945e+01 3.038444e+01 3.038444e+01 1.247945e+01
-5.451111e+01 3.038444e+01 3.038444e+01 -5.451111e+01
7.331625e+01 3.038444e+01 3.038444e+01 7.331625e+01
8.422340e+01 3.038444e+01 3.038444e+01 8.422340e+01
2.275373e+01 3.038444e+01 3.038444e+01 2.275373e+01
-3.490901e+01 3.038444e+01 3.038444e+01 -3.490901e+01
7.883010e+00 3.038444e+01 3.038444e+01 7.883010e+00
3.017334e+01 3.038444e+01 3.038444e+01 3.017334e+01
4.489133e+01 3.038444e+01 3.038444e+01 4.489133e+01
7.122265e+01 3.038444e+01 3.038444e+01 7.122265e+01
3.834619e+01 3.038444e+01 3.038444e+01 3.834619e+01
3.362309e+01 3.038444e+01 3.038444e+01 3.362309e+01
2.570488e+01 3.038444e+01 3.038444e+01 2.570488e+01
1.754387e+01 3.038444e+01 3.038444e+01 1.754387e+01
1.046301e+01 3.038444e+01 3.038444e+01 1.046301e+01
8.288449e+01 3.038444e+01 3.038444e+01 8.288449e+01
5.540073e+01 3.038444e+01 3.038444e+01 5.540073e+01
2.297318e+01 3.038444e+01 3.038444e+01 2.297318e+01
4.265507e+01 3.038444e+01 3.038444e+01 4.265507e+01
3.890222e+01 3.038444e+01 3.038444e+01 3.890222e+01
1.927122e-01 3.038444e+01 3.038444e+01 1.927122e-01
5.978019e+01 3.038444e+01 3.038444e+01 5.978019e+01
5.061174e+01 3.038444e+01 3.038444e+01 5.061174e+01
2.670393e+01 3.038444e+01 3.038444e+01 2.670393e+01
2.340981e+01 3.038444e+01 3.038444e+01 2.340981e+01
-1.014974e+01 3.038444e+01 3.038444e+01 -1.014974e+01
5.130397e+01 3.038444e+01 3.038444e+01 5.130397e+01
2.277821e+01 3.038444e+01 3.038444e+01 2.277821e+01
4.660562e+01 3.038444e+01 3.038444e+01 4.660562e+01
1.678345e+01 3.038444e+01 3.038444e+01 1.678345e+01
1.832173e+01 3.038444e+01 3.038444e+01 1.832173e+01
4.956604e+01 3.038444e+01 3.038444e+01 4.956604e+01
4.102594e+01 3.038444e+01 3.038444e+01 4.102594e+01
9.067253e+00 3.038444e+01 3.038444e+01 9.067253e+00
5.754564e+01 3.038444e+01 3.038444e+01 5.754564e+01
8.400840e+01 3.038444e+01 3.038444e+01 8.400840e+01
9.998731e+01 3.038444e+01 3.038444e+01 9.998731e+01
3.876951e+01 3.038444e+01 3.038444e+01 3.876951e+01
5.463254e+01 3.038444e+01 3.038444e+01 5.463254e+01
-5.921095e+01 3.038444e+01 3.038444e+01 -5.921095e+01
2.319463e+01 3.038444e+01 3.038444e+01 2.319463e+01
-3.986057e+01 3.038444e+01 3.038444e+01 -3.986057e+01
5.219657e+00 3.038444e+01 3.038444e+01 5.219657e+00
-5.860201e+01 3.038444e+01 3.038444e+01 -5.860201e+01
5.673167e+01 3.038444e+01 3.038444e+01 5.673167e+01
-1.356755e+01 3.038444e+01 3.038444e+01 -1.356755e+01
2.846371e+01 3.038444e+01 3.038444e+01 2.846371e+01
1.993783e+01 3.038444e+01 3.038444e+01 1.993783e+01
