-3.782850e-01 1.545011e+01 -1.545011e+01 3.052193e+01
2.496611e+01 1.545011e+01 -1.545011e+01 5.586633e+01
-3.782677e+01 1.545011e+01 -1.545011e+01 -6.926556e+00
-7.446154e+01 1.545011e+01 -1.545011e+01 -4.356132e+01
4.307156e+01 1.545011e+01 -1.545011e+01 7.397178e+01
3.736793e+01 1.545011e+01 -1.545011e+01 6.826815e+01
-1.032788e+01 1.545011e+01 -1.545011e+01 2.057234e+01
2.026184e+00 1.545011e+01 -1.545011e+01 3.292640e+01
-3.548542e+01 1.545011e+01 -1.545011e+01 -4.585197e+00
1.098237e+01 1.545011e+01 -1.545011e+01 4.188259e+01
-4.872132e+01 1.545011e+01 -1.545011e+01 -1.782110e+01
-4.889362e+01 1.545011e+01 -1.545011e+01 -1.799340e+01
-6.544748e+01 1.545011e+01 -1.545011e+01 -3.454726e+01
1.275063e+01 1.545011e+01 -1.545011e+01 4.365085e+01
7.837916e+00 1.545011e+01 -1.545011e+01 3.873813e+01
-1.025107e+01 1.545011e+01 -1.545011e+01 2.064915e+01
-3.533645e+01 1.545011e+01 -1.545011e+01 -4.436234e+00
-1.451745e+01 1.545011e+01 -1.545011e+01 1.638277e+01
-3.628474e+01 1.545011e+01 -1.545011e+01 -5.384518e+00
1.040219e+01 1.545011e+01 -1.545011e+01 4.130241e+01
-2.379768e+01 1.545011e+01 -1.545011e+01 7.102535e+00
3.083168e+00 1.545011e+01 -1.545011e+01 3.398339e+01
3.704870e-01 1.545011e+01 -1.545011e+01 3.127071e+01
-1.359078e+01 1.545011e+01 -1.545011e+01 1.730944e+01
-1.972018e+01 1.545011e+01 -1.545011e+01 1.118004e+01
-5.501440e+01 1.545011e+01 -1.545011e+01 -2.411418e+01
-7.128421e+01 1.545011e+01 -1.545011e+01 -4.038399e+01
2.740359e+01 1.545011e+01 -1.545011e+01 5.830381e+01
-2.705580e+01 1.545011e+01 -1.545011e+01 3.844418e+00
3.934472e+01 1.545011e+01 -1.545011e+01 7.024494e+01
1.244289e+01 1.545011e+01 -1.545011e+01 4.334311e+01
1.237434e+01 1.545011e+01 -1.545011e+01 4.327456e+01
-5.817916e+01 1.545011e+01 -1.545011e+01 -2.727894e+01
-4.803471e+01 1.545011e+01 -1.545011e+01 -1.713449e+01
-2.987728e+01 1.545011e+01 -1.545011e+01 1.022943e+00
-9.846841e+00 1.545011e+01 -1.545011e+01 2.105338e+01
-8.116584e+01 1.545011e+01 -1.545011e+01 -5.026562e+01
-2.605323e+01 1.545011e+01 -1.545011e+01 4.846991e+00
-3.837699e+01 1.545011e+01 -1.545011e+01 -7.476772e+00
3.470437e+01 1.545011e+01 -1.545011e+01 6.560459e+01
2.145765e+01 1.545011e+01 -1.545011e+01 5.235787e+01
-4.063435e+01 1.545011e+01 -1.545011e+01 -9.734127e+00
-1.923208e+01 1.545011e+01 -1.545011e+01 1.166814e+01
6.101460e+00 1.545011e+01 -1.545011e+01 3.700168e+01
-1.807389e+01 1.545011e+01 -1.545011e+01 1.282633e+01
-9.926258e+00 1.545011e+01 -1.545011e+01 2.097396e+01
-3.356661e+01 1.545011e+01 -1.545011e+01 -2.666393e+00
-3.588938e+01 1.545011e+01 -1.545011e+01 -4.989159e+00
-2.199877e+01 1.545011e+01 -1.545011e+01 8.901445e+00
-3.742289e+01 1.545011e+01 -1.545011e+01 -6.522671e+00
-1.850844e+01 1.545011e+01 -1.545011e+01 1.239178e+01
-3.025796e+01 1.545011e+01 -1.545011e+01 6.422558e-01
2.558686e+01 1.545011e+01 -1.545011e+01 5.648708e+01
-2.925447e+01 1.545011e+01 -1.545011e+01 1.645750e+00
-7.109879e+01 1.545011e+01 -1.545011e+01 -4.019857e+01
-6.785973e+01 1.545011e+01 -1.545011e+01 -3.695951e+01
-4.649896e+00 1.545011e+01 -1.545011e+01 2.625032e+01
-5.197842e+00 1.545011e+01 -1.545011e+01 2.570238e+01
-3.150233e+01 1.545011e+01 -1.545011e+01 -6.021080e-01
-4.634580e+01 1.545011e+01 -1.545011e+01 -1.544558e+01
-1.501820e+01 1.545011e+01 -1.545011e+01 1.588202e+01
-2.528653e+01 1.545011e+01 -1.545011e+01 5.613688e+00
-1.749187e+01 1.545011e+01 -1.545011e+01 1.340835e+01
-7.104992e+01 1.545011e+01 -1.545011e+01 -4.014970e+01
-7.904697e+01 1.545011e+01 -1.545011e+01 -4.814675e+01
8.265014e+00 1.545011e+01 -1.545011e+01 3.916523e+01
-6.502184e+01 1.545011e+01 -1.545011e+01 -3.412162e+01
-2.709120e+01 1.545011e+01 -1.545011e+01 3.809019e+00
-2.824576e+01 1.545011e+01 -1.545011e+01 2.654463e+00
-6.181598e+01 1.545011e+01 -1.545011e+01 -3.091576e+01
-1.096362e+01 1.545011e+01 -1.545011e+01 1.993659e+01
-5.058953e+01 1.545011e+01 -1.545011e+01 -1.968931e+01
1.040110e+01 1.545011e+01 -1.545011e+01 4.130132e+01
-1.593000e+01 1.545011e+01 -1.545011e+01 1.497022e+01
-7.426239e+00 1.545011e+01 -1.545011e+01 2.347398e+01
-1.222490e+01 1.545011e+01 -1.545011e+01 1.867532e+01
1.233376e+01 1.545011e+01 -1.545011e+01 4.323398e+01
4.489304e+00 1.545011e+01 -1.545011e+01 3.538952e+01
-1.504667e+01 1.545011e+01 -1.545011e+01 1.585355e+01
4.374401e+01 1.545011e+01 -1.545011e+01 7.464423e+01
5.201045e+01 1.545011e+01 -1.545011e+01 8.291067e+01
5.833105e+00 1.545011e+01 -1.545011e+01 3.673332e+01
1.345605e+01 1.545011e+01 -1.545011e+01 4.435627e+01
-2.275379e+00 1.545011e+01 -1.545011e+01 2.862484e+01
-2.059828e+01 1.545011e+01 -1.545011e+01 1.030194e+01
-7.767995e+00 1.545011e+01 -1.545011e+01 2.313222e+01
-2.134781e+01 1.545011e+01 -1.545011e+01 9.552410e+00
-5.646797e+01 1.545011e+01 -1.545011e+01 -2.556775e+01
2.965110e+00 1.545011e+01 -1.545011e+01 3.386533e+01
1.696853e+01 1.545011e+01 -1.545011e+01 4.786875e+01
5.274179e+01 1.545011e+01 -1.545011e+01 8.364201e+01
-7.158764e+00 1.545011e+01 -1.545011e+01 2.374146e+01
-3.747962e+01 1.545011e+01 -1.545011e+01 -6.579403e+00
