6.086380e+00 1.623026e+01 1.623026e+01 6.086380e+00
9.705532e+00 1.623026e+01 1.623026e+01 9.705532e+00
-4.984217e+00 1.623026e+01 1.623026e+01 -4.984217e+00
-8.234460e+00 1.623026e+01 1.623026e+01 -8.234460e+00
1.973582e+01 1.623026e+01 1.623026e+01 1.973582e+01
3.340544e+01 1.623026e+01 1.623026e+01 3.340544e+01
-1.027356e+01 1.623026e+01 1.623026e+01 -1.027356e+01
2.898763e+01 1.623026e+01 1.623026e+01 2.898763e+01
1.232061e+01 1.623026e+01 1.623026e+01 1.232061e+01
-5.563879e+00 1.623026e+01 1.623026e+01 -5.563879e+00
-9.642981e+00 1.623026e+01 1.623026e+01 -9.642981e+00
-3.512062e+00 1.623026e+01 1.623026e+01 -3.512062e+00
2.274514e+01 1.623026e+01 1.623026e+01 2.274514e+01
2.424872e+01 1.623026e+01 1.623026e+01 2.424872e+01
3.422959e+01 1.623026e+01 1.623026e+01 3.422959e+01
-1.700159e+01 1.623026e+01 1.623026e+01 -1.700159e+01
7.753748e+00 1.623026e+01 1.623026e+01 7.753748e+00
9.009368e+00 1.623026e+01 1.623026e+01 9.009368e+00
3.392990e+00 1.623026e+01 1.623026e+01 3.392990e+00
4.445308e+01 1.623026e+01 1.623026e+01 4.445308e+01
9.488903e+00 1.623026e+01 1.623026e+01 9.488903e+00
9.234183e+00 1.623026e+01 1.623026e+01 9.234183e+00
2.537480e+01 1.623026e+01 1.623026e+01 2.537480e+01
3.601036e+01 1.623026e+01 1.623026e+01 3.601036e+01
7.202263e+00 1.623026e+01 1.623026e+01 7.202263e+00
1.465727e+01 1.623026e+01 1.623026e+01 1.465727e+01
2.268106e+01 1.623026e+01 1.623026e+01 2.268106e+01
4.698474e+01 1.623026e+01 1.623026e+01 4.698474e+01
4.743494e+01 1.623026e+01 1.623026e+01 4.743494e+01
1.747724e+01 1.623026e+01 1.623026e+01 1.747724e+01
2.730322e+01 1.623026e+01 1.623026e+01 2.730322e+01
2.693465e+01 1.623026e+01 1.623026e+01 2.693465e+01
2.635847e+01 1.623026e+01 1.623026e+01 2.635847e+01
1.163722e+01 1.623026e+01 1.623026e+01 1.163722e+01
1.623288e+00 1.623026e+01 1.623026e+01 1.623288e+00
2.077988e+01 1.623026e+01 1.623026e+01 2.077988e+01
3.044602e+01 1.623026e+01 1.623026e+01 3.044602e+01
1.846576e+01 1.623026e+01 1.623026e+01 1.846576e+01
9.404847e+00 1.623026e+01 1.623026e+01 9.404847e+00
1.737730e+01 1.623026e+01 1.623026e+01 1.737730e+01
1.256003e+01 1.623026e+01 1.623026e+01 1.256003e+01
3.643560e+00 1.623026e+01 1.623026e+01 3.643560e+00
8.721015e+00 1.623026e+01 1.623026e+01 8.721015e+00
3.424180e+01 1.623026e+01 1.623026e+01 3.424180e+01
1.050399e+00 1.623026e+01 1.623026e+01 1.050399e+00
9.907416e+00 1.623026e+01 1.623026e+01 9.907416e+00
9.403336e+00 1.623026e+01 1.623026e+01 9.403336e+00
3.234630e+01 1.623026e+01 1.623026e+01 3.234630e+01
3.059357e+01 1.623026e+01 1.623026e+01 3.059357e+01
1.719268e+01 1.623026e+01 1.623026e+01 1.719268e+01
7.592770e+00 1.623026e+01 1.623026e+01 7.592770e+00
1.831211e+01 1.623026e+01 1.623026e+01 1.831211e+01
1.130609e+01 1.623026e+01 1.623026e+01 1.130609e+01
1.657579e+01 1.623026e+01 1.623026e+01 1.657579e+01
1.609935e+01 1.623026e+01 1.623026e+01 1.609935e+01
1.093072e+01 1.623026e+01 1.623026e+01 1.093072e+01
-3.592852e+00 1.623026e+01 1.623026e+01 -3.592852e+00
5.840671e+01 1.623026e+01 1.623026e+01 5.840671e+01
7.985838e+00 1.623026e+01 1.623026e+01 7.985838e+00
2.377688e+00 1.623026e+01 1.623026e+01 2.377688e+00
1.296374e+01 1.623026e+01 1.623026e+01 1.296374e+01
3.144858e+01 1.623026e+01 1.623026e+01 3.144858e+01
7.607614e+00 1.623026e+01 1.623026e+01 7.607614e+00
1.311145e+01 1.623026e+01 1.623026e+01 1.311145e+01
1.665564e+01 1.623026e+01 1.623026e+01 1.665564e+01
2.705731e+01 1.623026e+01 1.623026e+01 2.705731e+01
3.089203e+00 1.623026e+01 1.623026e+01 3.089203e+00
-4.569022e+00 1.623026e+01 1.623026e+01 -4.569022e+00
1.159596e+01 1.623026e+01 1.623026e+01 1.159596e+01
3.934830e+01 1.623026e+01 1.623026e+01 3.934830e+01
-4.228549e+00 1.623026e+01 1.623026e+01 -4.228549e+00
4.146854e+01 1.623026e+01 1.623026e+01 4.146854e+01
-7.502990e-01 1.623026e+01 1.623026e+01 -7.502990e-01
2.187005e+01 1.623026e+01 1.623026e+01 2.187005e+01
-1.614531e+01 1.623026e+01 1.623026e+01 -1.614531e+01
3.342859e+01 1.623026e+01 1.623026e+01 3.342859e+01
2.133841e+01 1.623026e+01 1.623026e+01 2.133841e+01
3.662872e+01 1.623026e+01 1.623026e+01 3.662872e+01
1.157775e+01 1.623026e+01 1.623026e+01 1.157775e+01
4.167372e+01 1.623026e+01 1.623026e+01 4.167372e+01
2.150083e+01 1.623026e+01 1.623026e+01 2.150083e+01
2.764463e+01 1.623026e+01 1.623026e+01 2.764463e+01
2.885566e+01 1.623026e+01 1.623026e+01 2.885566e+01
1.922644e+01 1.623026e+01 1.623026e+01 1.922644e+01
-6.031179e+00 1.623026e+01 1.623026e+01 -6.031179e+00
1.281823e+01 1.623026e+01 1.623026e+01 1.281823e+01
-1.818151e+01 1.623026e+01 1.623026e+01 -1.818151e+01
2.943504e+01 1.623026e+01 1.623026e+01 2.943504e+01
2.773641e+01 1.623026e+01 1.623026e+01 2.773641e+01
3.479801e+01 1.623026e+01 1.623026e+01 3.479801e+01
1.815703e+01 1.623026e+01 1.623026e+01 1.815703e+01
4.066535e+01 1.623026e+01 1.623026e+01 4.066535e+01
3.006379e+00 1.623026e+01 1.623026e+01 3.006379e+00
