-74.49388151  
-3.593426534  
53.99639976  
-66.94272172  
26.80008488  
111.7330582  
-101.3607415  
-8.164355314  
25.77089296  
43.73186895  
-4.351672241  
84.71002804  
16.28157305  
80.37519633  
22.43594971  
167.9357471  
33.68174276  
-25.64325643  
1.33611771  
-21.38593824  
54.42232312  
149.3833361  
-5.681218505  
82.81550963  
-42.78462952  
-51.00862527  
-101.9094015  
43.2521816  
19.96113709  
-76.23968775  
117.285747  
199.0540457  
119.454638  
-35.55733619  
3.747753671  
31.20600729  
-67.49534309  
-24.64677456  
93.43807425  
-35.26901804  
-42.49848765  
-25.483806  
-69.45050512  
14.56468562  
69.43060885  
12.80746831  
13.59530916  
-17.49506811  
18.13379564  
146.0557352  
-9.302855679  
58.44029974  
-29.81869534  
