-30.47123829  
29.74611487  
22.39877791  
15.96696832  
-19.0284547  
9.069558846  
-94.4217282  
-15.10593923  
3.771150024  
49.17723521  
-10.74773722  
73.03357647  
-32.91476769  
-6.472466363  
-23.53837528  
-12.19110617  
-7.52022452  
15.23007526  
-6.004311238  
-53.35013149  
-14.06490606  
61.09926402  
18.60632221  
-1.647724761  
-21.80201274  
-62.3677207  
-44.54783214  
17.26552483  
6.78401502  
41.54737628  
22.53610455  
9.664769875  
-91.18861983  
42.2786586  
38.48979678  
30.04270454  
-21.64262997  
-39.82751352  
-22.31374673  
12.32491897  
-26.6789522  
-18.21332054  
32.84717026  
7.954264857  
-26.56622542  
-8.0429153  
-17.00056597  
14.82723682  
36.45363529  
-57.33304271  
27.80914277  
