-17.36403943  
15.21635247  
0.256687188  
19.77577855  
10.23877796  
-9.29327919  
9.221164922  
1.439239872  
-13.95408395  
-16.55692972  
-15.49105056  
2.513167364  
21.8543681  
-12.17509694  
-4.891940816  
-23.3914237  
-0.1443858035  
-1.628852818  
-11.09893613  
-11.56873599  
-6.314859158  
22.66115541  
-10.82788533  
11.22779783  
-5.508497584  
16.12328935  
16.38020201  
-24.65373002  
-11.21005346  
-10.87355366  
-13.66768129  
-46.5923648  
-25.37883284  
-15.37444441  
-11.24161848  
2.497219037  
-14.42073529  
7.015341143  
17.99752962  
8.847670278  
-13.09566856  
-3.543404482  
-10.76156814  
-4.56897859  
-18.89507035  
-9.91840514  
-11.47166483  
-14.11574796  
-16.9051743  
13.98355811  
-2.613991625  
-5.277373777  
