2.803882053  
2.329371698  
-4.023438285  
-18.21509976  
-8.021091949  
-10.41291914  
32.03685777  
-9.778402094  
-18.30283173  
-13.68431863  
4.235831742  
20.14072437  
-5.885975659  
-10.37509992  
-10.46146847  
-12.20179202  
5.565750864  
15.57384769  
1.411031081  
37.39082164  
5.323001928  
10.32144492  
31.42926017  
10.05184438  
-2.631669462  
1.383515885  
27.93840139  
-16.44769344  
-9.910208881  
-5.137535724  
-12.56578312  
-32.27113723  
-19.80702352  
16.06434788  
17.79654559  
-7.293292611  
-14.73629062  
-11.27860845  
10.50617942  
3.622053132  
-10.93952717  
2.104254802  
-16.40749397  
-6.050301942  
10.28395611  
-37.57858851  
12.29044712  
8.622021252  
-4.016815715  
12.69301354  
10.5705841  
5.167688798  
