-16.08194025  
-7.768016566  
11.11388421  
-7.255723185  
-3.807046794  
-0.7262591645  
0.864973169  
10.61123473  
-23.24936583  
9.206820604  
-17.94622266  
-17.5541236  
26.11257444  
5.849586161  
-24.16885852  
-3.109380482  
0.8837733707  
-13.95260535  
-1.154034501  
24.13507864  
21.74071657  
-14.92106542  
-0.9446624316  
12.26395779  
-11.89723404  
8.766565111  
3.82046679  
-6.799497442  
-15.07797252  
4.375331881  
5.193513804  
-5.246252635  
-17.49862552  
7.714300436  
-8.478574141  
33.10359596  
-15.44904638  
10.66756695  
43.54204758  
5.414486657  
-1.318465652  
13.02526077  
-21.94206384  
0.5321904765  
-12.46164798  
-32.84457992  
5.682672538  
-10.42447548  
-27.18344609  
0.1510068748  
6.295595974  
-12.83639843  
