-7.482223278  
-14.49998317  
10.04808659  
-6.21917989  
6.863059958  
-12.68862942  
18.90633098  
-8.567165703  
-9.56567969  
-1.19803448  
-13.83584547  
3.888557103  
1.47013227  
-14.1284253  
8.594664436  
-4.301660712  
-24.32814716  
-20.44195126  
-10.37844728  
15.23962621  
-7.169078288  
-6.272626176  
4.854533488  
2.514373619  
19.18412089  
10.41533238  
-11.65826166  
3.338132033  
-15.42367997  
-23.90290645  
4.540467392  
-27.9169806  
-21.26095177  
-6.36688055  
0.274772843  
10.77364584  
-9.141908365  
-6.524403388  
29.23964299  
2.586520575  
-1.022621001  
0.1240214565  
-9.546979336  
-5.812624809  
-1.111384554  
0.5816721285  
15.17719439  
1.603148674  
-31.14396295  
12.88721216  
-5.884518395  
5.535087277  
