-1.40952219  
-10.1980143  
6.708467403  
9.283349482  
1.938959888  
-24.29005498  
29.33159674  
9.788177979  
24.09467641  
-12.77521014  
-10.44972382  
1.621767612  
10.961758  
-26.60459581  
-17.55432692  
-7.106054669  
9.487055992  
-9.855245397  
-6.518631108  
-2.392979145  
10.68269377  
2.898847431  
3.064126199  
12.6339357  
-1.54315397  
8.847131775  
23.48525256  
-19.98638784  
-12.66636064  
-22.56102541  
-21.49659021  
-22.2124139  
-28.43352408  
6.180862518  
-3.065872353  
2.083277109  
-17.4159223  
6.594819504  
2.413016449  
-11.62285151  
-18.23408514  
2.860197297  
-20.49369622  
5.322474472  
-16.53930356  
9.913522671  
8.279867899  
-22.33799018  
-23.80408407  
14.66014492  
-4.902129159  
-0.3472789368  
