-5.364799047  
-3.328568267  
2.195932085  
6.524117275  
-0.899865654  
3.871365221  
14.29190466  
-5.289384803  
-8.718302741  
2.054179782  
-1.492079407  
-9.487442632  
-22.61842785  
10.52484465  
8.338539499  
-12.41552402  
3.134838927  
0.2809599515  
18.41164383  
19.32176046  
-7.766174907  
-7.737411471  
3.121943241  
11.63975746  
-0.8510150304  
4.936389627  
25.39357328  
-21.35296677  
3.53646823  
19.15332294  
-27.0206634  
-23.49833827  
-8.435665916  
-18.25080423  
18.36257023  
0.9239206007  
-3.948112747  
-6.601312545  
42.08448029  
2.995693947  
-22.18971492  
2.766580554  
3.946256123  
-24.67318676  
-19.16081615  
3.361957378  
-6.220141491  
-5.129369986  
-17.18238711  
-6.28544819  
-14.04628378  
17.23566753  
