14.5473763  
-26.74090489  
-5.656740648  
15.40450702  
9.280426758  
11.37111304  
-18.6131773  
7.867044569  
-27.49718182  
6.614780558  
-14.51665357  
-3.241082109  
-18.48793657  
13.66599561  
-38.39002383  
-29.8586526  
-1.884350034  
23.25575546  
-15.56252532  
-39.50937414  
-1.502872236  
-4.77265964  
-12.26521462  
1.074720828  
-22.05716837  
-23.85629227  
-12.68456939  
-20.13261674  
-25.01264923  
-40.64061494  
-16.25502844  
-22.29289478  
-5.079506041  
6.64665408  
-10.4355491  
6.04150367  
-15.49269781  
11.67937808  
4.072236811  
21.764899  
17.10379002  
-10.45658116  
-1.718706132  
5.284472622  
-9.662041412  
-25.86613851  
14.01670709  
1.284823012  
-14.09957321  
-13.38386091  
-30.91298161  
14.25072868  
-0.9581161816  
