-6.737195045  
-33.81446086  
-0.7380926679  
10.93791553  
-12.29008717  
9.625011178  
-8.073820202  
-27.87109701  
1.335227924  
4.461237793  
-51.52397138  
-30.45027551  
-17.97461029  
-17.97946362  
-65.69282404  
0.9764155605  
17.06747367  
27.63081851  
-25.05068105  
-51.03305113  
7.327801308  
-17.23522775  
-47.37160433  
3.072780812  
-37.48049819  
-29.32964017  
9.610579017  
1.680237272  
-45.85949919  
-22.3927848  
-17.82783389  
-22.88673488  
-23.66648517  
-17.04011657  
-28.4555383  
-4.083006403  
-12.6229193  
4.350235535  
16.45114258  
14.37065846  
13.48389342  
-8.16331037  
-4.712550393  
8.288877757  
-4.28813846  
-16.97437904  
3.265597604  
-4.591435252  
-17.16277018  
-23.77712013  
-58.75652294  
27.85914582  
-1.752315416  
