16.36975001  
-22.4815968  
-20.82520085  
36.78361605  
19.58898156  
26.97272203  
-24.59131387  
12.50211453  
21.53210184  
-3.705569572  
-44.17468347  
-31.38474094  
-18.43487218  
-36.44653759  
-59.46307799  
23.5803355  
-8.098733474  
32.2290802  
-26.10650223  
2.429492551  
-16.96192528  
-86.94539878  
-53.8169117  
8.401950358  
-15.8673833  
10.4439776  
-14.92932702  
-15.72674775  
2.988412384  
25.36015295  
-7.671058953  
4.615897804  
-1.339583569  
-8.043180688  
-1.123476171  
6.148982601  
-15.05187057  
20.4047582  
3.39491931  
23.45638457  
13.86687516  
5.723185483  
1.31026264  
-2.776650245  
-4.511998746  
7.928009265  
-2.868790742  
-36.37193265  
-12.62647851  
-6.627060256  
-60.21153435  
13.01204508  
-35.9403259  
