-15.43819131  
-42.68023594  
-11.2748734  
-6.483501298  
16.34380467  
20.18649386  
-19.01135768  
-23.36667331  
-10.20021737  
9.97074603  
-46.99237628  
-19.67529531  
-2.518037109  
-2.259131456  
-40.52272939  
-9.649230954  
1.979315966  
12.51812285  
-37.75265694  
-25.58456874  
6.27323652  
-15.68988477  
-27.076138  
0.9126213154  
-37.77374191  
-35.67021538  
10.29708728  
8.706914544  
-57.49079643  
-32.95887217  
-8.341409955  
-27.13010142  
-23.61561883  
-14.69096064  
-9.869135645  
-7.206248117  
-21.06293528  
-4.830139058  
24.08037894  
32.41652388  
27.59818751  
0.1809658181  
-6.363319323  
13.88049599  
-12.5810883  
-13.30244937  
3.161690002  
-13.59628736  
-22.62304303  
-21.47411024  
-42.60848461  
-3.63659937  
3.135118613  
