14.43497517  
-11.39652606  
-13.17251309  
9.877994756  
30.69258978  
30.74225655  
-26.16870568  
1.15775772  
-12.39011873  
8.84368284  
-11.71326349  
-8.133915011  
-7.221482868  
10.1483472  
-17.54121731  
-25.05817641  
-13.48607398  
30.0229405  
-24.79211926  
-10.47767301  
0.05931128367  
7.079898471  
-5.753866327  
21.66662606  
-23.86389785  
-33.74549052  
-17.02533136  
-17.58759215  
-36.71960936  
-33.23749849  
-8.581571784  
-30.03490678  
3.787145694  
20.67313085  
7.135681296  
7.522761995  
-12.79506337  
-1.75443247  
-0.02234155458  
19.29417378  
25.42078439  
-1.618111342  
-2.543401959  
1.384600834  
-26.17206754  
-22.0952261  
11.44371846  
-1.771554469  
-21.90227425  
-10.75493881  
-25.78444671  
-6.256069834  
4.459135203  
