-17.14308695  
18.51006987  
12.86695196  
10.06184687  
-0.5823651681  
19.11713321  
5.508007863  
-34.83773669  
1.31497052  
2.449994722  
-61.20757275  
-34.18704755  
-25.94162257  
7.712976366  
10.16446303  
8.392873414  
-16.57230631  
29.89781721  
-15.4016358  
-37.76309894  
19.69530703  
3.34469916  
5.22028428  
17.99155618  
-22.87776206  
0.9752428311  
9.196229716  
0.2225855433  
-8.425757787  
14.47908052  
13.61248545  
14.62157575  
8.273504293  
-12.6149861  
29.187701  
-18.92547117  
-15.50549493  
8.990673108  
32.41824967  
30.51582962  
24.85943724  
38.46373172  
12.50006593  
-7.43008019  
5.912426237  
17.8090705  
2.831265241  
8.244225564  
-37.0533627  
16.45162051  
-14.89039107  
5.055719075  
-16.58848043  
