44.70265245  
3.464589561  
9.011929742  
12.12329042  
12.27823761  
7.864913665  
2.81959151  
-29.70486859  
11.51311357  
0.1172257469  
-20.67120894  
-3.240605487  
-1.642501442  
12.78012789  
-49.84916006  
13.70609697  
18.11053266  
5.810813302  
-5.285999512  
-6.229967201  
-16.8146612  
-22.52894265  
-2.233926307  
20.20333757  
-36.349652  
15.09917513  
8.730450237  
-28.35357095  
3.214602917  
23.51532658  
2.49684018  
-0.9800475836  
18.22930952  
11.90125721  
-4.571326343  
9.475495924  
0.1686285839  
13.56478949  
13.6404732  
22.19654703  
38.57040961  
-1.620539869  
1.55897657  
-7.055272817  
-6.669755974  
0.2789148758  
-9.66884517  
-30.85808037  
5.526057772  
-10.30229835  
-54.76441944  
37.34225088  
-20.49348085  
