-60.6348994  
-2.309755713  
28.9114308  
-20.14008359  
-62.07373716  
-15.93977176  
79.27170719  
36.39490696  
-5.123237003  
-37.20420614  
-20.06093627  
21.95845894  
6.538573699  
10.55649708  
-35.20300436  
-1.061090843  
-9.845280305  
-36.25953901  
-33.99742919  
-55.84331206  
-19.00960732  
6.366627703  
-17.97444001  
-23.03915883  
-7.970088194  
-48.89712422  
8.303859543  
-43.16262481  
1.384547793  
3.985040236  
25.3630043  
-50.26002408  
-47.63387747  
-89.81451304  
27.35189125  
-22.92986041  
-17.5435159  
5.451297484  
-62.34653647  
23.66867425  
-1.801418494  
-9.613388967  
-14.38999007  
-51.80919428  
-17.35410655  
-15.46446037  
-3.502203005  
-6.095381739  
-23.03878376  
-54.53409663  
-58.84177745  
-17.39641899  
4.970486776  
