-58.50587953  
1.640948299  
34.23203963  
-13.14071151  
-4.910602545  
-1.020857132  
86.59989012  
-54.24230033  
-6.984603185  
15.7559834  
-12.08125661  
26.47567771  
-0.6852398998  
-6.839786338  
-26.07308142  
-28.22264707  
-4.962436435  
-54.2528727  
-25.55247047  
-65.34399113  
-10.43036749  
14.01380076  
-14.01700297  
-19.27434024  
16.76121008  
-49.7493063  
-29.70996494  
-38.42189538  
-13.4191331  
5.707420075  
6.340843486  
-73.0476187  
-33.52072993  
-57.87511023  
43.08038416  
-31.54012737  
-35.03506009  
-12.23496183  
-41.49803307  
1.897356536  
-11.97303836  
5.881582324  
-10.22355775  
-57.31400742  
-22.58451651  
-10.5818705  
-22.44434528  
-25.87194034  
-29.9367661  
-19.00362696  
-11.4767596  
18.17261725  
-10.82544964  
