37.82458326  
-3.57943574  
8.349300488  
-3.538163367  
19.13912847  
12.58046724  
-9.595924075  
-9.934382221  
14.1490828  
11.62337693  
-19.35979292  
-23.64837576  
17.38332324  
24.76420563  
-54.7295319  
-0.6736344076  
9.004628543  
3.964357083  
-3.478192775  
19.80839159  
-11.76832599  
-3.229543413  
8.544444411  
17.74117566  
-17.1370092  
23.31142714  
-6.426259523  
-16.68565847  
11.34762602  
16.27898424  
10.52146446  
-9.52485006  
29.98903701  
20.74224408  
6.49370379  
3.486438065  
-3.933356536  
6.199337969  
10.0989953  
21.51625957  
50.9346852  
8.370020903  
-1.423476212  
-2.858441684  
-14.50369457  
14.32232862  
-20.28410761  
-22.40499654  
-6.968171148  
-9.449861317  
-49.28303258  
35.18889401  
-8.870679523  
