-57.62154692  
-43.39291814  
17.52306114  
-12.38634192  
-55.3506397  
-2.759250101  
65.22275653  
-0.9114324737  
-21.72263754  
8.203404379  
-29.64940149  
-52.80843383  
-10.93025711  
-11.33785428  
-21.53319704  
-53.78928289  
7.660749823  
-75.12167256  
-24.27945402  
-67.7516191  
-16.22453304  
2.642954111  
-15.91740464  
-32.15007842  
27.12155269  
-30.35954105  
-34.73278982  
-33.64354791  
5.670058366  
2.835121732  
-12.09054509  
-78.85535431  
-60.65676644  
-64.39404567  
26.27188447  
-23.56455199  
-22.49574437  
-27.74465972  
-69.72355709  
-10.64539407  
-15.50426706  
3.656515907  
-15.37046951  
-77.42864346  
-9.884890182  
-26.39064199  
-9.156532051  
-22.71154605  
-15.19510015  
0.2700321393  
-37.67743809  
-52.67432084  
8.10015864  
