-6.206266519  
7.145007554  
6.607837074  
10.43932546  
-18.1318883  
-14.05844429  
11.28606761  
-44.95914388  
2.230182406  
9.659053202  
-25.16326617  
-29.3330683  
-33.73128682  
1.952703312  
-16.85561989  
21.57722083  
-3.732232274  
21.45888609  
-18.40816205  
-30.06146722  
7.578922454  
-0.3335725722  
2.107022152  
-0.5584181056  
-32.42515961  
-5.556427765  
9.96336512  
1.065559524  
-6.159822475  
26.83620323  
3.717229827  
20.39902558  
-20.90605561  
-22.46919436  
26.61504821  
-4.479330606  
-9.514859984  
22.19201932  
30.25336071  
19.91714605  
12.12487954  
32.63857142  
21.6548469  
-2.712599144  
19.79776975  
13.33630458  
4.338934749  
2.678228313  
-27.71785987  
14.35705313  
-22.26976  
14.5920543  
-42.79673149  
