-67.38205487  
-19.0428985  
28.36310822  
-33.09978202  
11.79553468  
1.750230146  
50.91218885  
23.26412869  
0.49985205  
-32.42033649  
-2.551744668  
26.05728125  
-33.05490741  
15.68262329  
-50.9752192  
-16.88620929  
-5.367222432  
-21.78380277  
-25.93585011  
-31.33554196  
-42.80525531  
-15.85459688  
-17.37563182  
2.798101364  
-4.25632956  
-55.60533255  
0.2369286705  
-37.2652305  
-10.99324182  
-1.725218385  
11.91424975  
-71.85245278  
-33.39506805  
-54.05878978  
16.61657008  
0.5628246626  
-17.56163478  
-12.96572972  
-76.3161516  
-2.025762381  
-6.427935628  
-10.93822746  
-24.88237653  
-61.15346153  
-27.83979731  
-18.90454596  
-39.22719523  
-12.9588698  
-29.88505479  
-51.4617763  
-17.52666824  
-33.92885385  
-32.91010952  
