-7.989111644  
-0.3206089113  
-11.21780767  
4.417873827  
3.207335479  
25.29725686  
-2.454449135  
-8.742534358  
-4.191278969  
-10.87226637  
-49.08234942  
-31.67584197  
7.225570922  
-15.06322268  
-10.31625587  
-22.82176884  
-27.83074095  
-4.000897889  
-23.54817304  
-18.547666  
17.27714752  
14.83055809  
-33.50883536  
39.94142232  
-41.04464951  
-29.58136634  
-20.62285797  
-11.47293411  
-33.16711876  
7.887905691  
28.25688119  
11.81445452  
5.366271732  
-26.38750278  
6.925997528  
-36.23795121  
-24.38990571  
5.406101755  
17.11795812  
27.12201805  
16.41270162  
5.812274959  
-16.06229125  
-2.435369805  
-15.39766395  
10.84786274  
-1.250235893  
-29.58396495  
-20.53074501  
-16.99066649  
-37.67197079  
19.89944915  
-5.381200004  
