-65.93269968  
-34.11389402  
1.348441175  
-21.88082796  
-12.63282717  
-17.44017585  
91.3907714  
-34.73858785  
-47.25477278  
-3.7626684  
-56.38371713  
-43.47992356  
-27.3400175  
-3.859868885  
-1.82206615  
-49.29308557  
-3.49421632  
-62.18960316  
-25.83199011  
-59.43246092  
-5.941672538  
15.51040409  
-9.231196111  
-17.53878173  
5.922110419  
-51.28960873  
-5.156075999  
-40.15716796  
-28.24240781  
15.26064875  
-17.1375739  
-70.85299711  
-67.99589941  
-41.13299245  
32.69092573  
-7.393697406  
-20.58462191  
-28.12294652  
-71.45744595  
-17.86014603  
12.04673763  
-4.043970462  
-22.77759941  
-86.673109  
-25.87453197  
-3.741756498  
7.524715881  
-39.75430456  
-25.1036614  
-47.50292935  
-46.05645482  
32.84153881  
5.772662906  
