16.25163714  
-22.04507099  
6.610835188  
12.64617973  
27.02900428  
31.9497148  
-51.96178858  
25.58251217  
15.83524161  
4.366467043  
-33.03464382  
-42.63389954  
29.19379278  
-19.41405413  
-55.40817534  
5.011185984  
-21.71714741  
32.84870389  
-29.07746663  
30.00705985  
-18.6558397  
-49.2976289  
-27.02703386  
21.62216515  
-21.12526766  
18.57725305  
-27.09960581  
1.661280561  
14.90402412  
2.465523059  
1.606060982  
-12.69280343  
24.3984554  
-3.457831012  
12.65173344  
-14.37183258  
-14.95246292  
13.59785322  
0.3506856911  
19.9139323  
24.37122672  
-0.8193864602  
-4.332598958  
5.303926202  
-16.47228949  
1.631256534  
-11.30844759  
-25.33209728  
-15.15253008  
-15.55019389  
-61.835109  
-4.241759457  
-27.96440821  
