-10.65379564  
-18.64678161  
1.176314204  
-20.35506681  
-30.69893407  
8.244939066  
76.99903187  
-27.14351913  
6.917081475  
-9.368609082  
-6.87387963  
-0.5495010797  
-40.53235085  
-23.08976103  
-20.39302487  
7.853409307  
19.24807239  
-64.35297682  
-28.84392006  
-45.0992415  
-23.42084681  
24.7146575  
10.01142538  
-26.4155337  
13.54759661  
-77.60654421  
-6.389998961  
-33.70654322  
1.675249291  
25.39810606  
-12.67185556  
-61.92144772  
-62.84302115  
-36.9433505  
71.56085135  
2.622258221  
-28.10064496  
-23.78086483  
-44.04352858  
14.42629351  
-6.082127041  
-5.448602039  
-14.43710896  
-58.85571447  
-11.19527195  
-1.960878425  
6.493094391  
-16.32162194  
-31.7781137  
-40.46303753  
-6.89410445  
-17.19709716  
-37.81045508  
