-14.56006512  
7.207828073  
-16.07200712  
19.53745454  
-13.20495355  
6.181781203  
18.22248612  
-18.01779944  
10.86658382  
-4.179546775  
-50.53337791  
-29.90005331  
-9.58686039  
-17.45902806  
-37.82611623  
-24.57325422  
-11.43525089  
-6.655954795  
-28.47771833  
-10.72521513  
10.93478466  
1.912852722  
-51.70024886  
35.05307599  
-22.2522676  
-26.23161367  
-7.453786831  
-21.53455746  
-34.30933546  
19.35808037  
15.28227367  
17.21738842  
0.29918471  
-35.22078227  
-3.351367812  
-25.53845805  
-26.19119888  
12.94188072  
27.68696248  
14.80483549  
-1.062512675  
13.15583037  
-4.975808114  
-3.660018881  
5.607221358  
2.100133655  
9.408656758  
-28.93925578  
-22.77447685  
-18.67910587  
-39.06214247  
25.99015192  
-15.69034211  
