-17.95662313  
16.02294134  
52.67474149  
-10.32974009  
-11.12655568  
-21.30671957  
31.16168821  
1.396632944  
21.21382533  
6.341686755  
32.52906702  
14.66532153  
15.84166646  
33.93283126  
-12.89809607  
6.653787171  
32.77909016  
-8.694815142  
0.6386236463  
27.79391238  
-2.386543482  
4.581077947  
-10.84300266  
-8.704866494  
15.19479971  
49.74446398  
8.501604721  
5.790399989  
15.55983606  
11.75332064  
2.743999744  
16.91335243  
6.642228906  
15.0578397  
-8.668347968  
5.123920708  
12.84719219  
9.925917628  
24.21730081  
-14.888736  
-14.39033893  
15.80420372  
-7.066367463  
27.48314755  
29.03446099  
15.03545965  
34.78417473  
6.117090118  
19.32105177  
-11.76163501  
7.765800984  
