-2.616045822  
17.07182469  
-32.28804987  
-6.784444064  
1.176003286  
25.92803653  
-9.75638485  
-15.96847694  
-14.42343434  
-14.79935812  
-5.233794544  
-0.1478557778  
-18.95915491  
-5.345178724  
20.48162275  
-13.13912642  
-3.02477216  
-0.4094191602  
-17.41586384  
-13.64909374  
-11.7781138  
-4.124930513  
2.674994798  
0.3414848981  
-4.909577224  
-24.08897547  
-45.61392387  
5.20374276  
-7.103016829  
0.9813425972  
-18.09862322  
-41.66970403  
7.081724201  
-24.95288601  
28.35732511  
8.617817708  
-8.621327761  
-2.433986644  
-35.50316094  
13.14170351  
-15.04245867  
-23.35289464  
0.6349120738  
-26.57064753  
-5.164996148  
-25.2809612  
-26.73687877  
25.79581902  
-18.29193227  
-68.11565339  
16.05595404  
-1.370340597  
