-13.9320438  
25.42826072  
15.89796366  
23.57012246  
1.590507967  
-9.387069113  
-30.79192091  
-18.8877463  
-45.60954786  
-15.24651767  
0.5669200233  
11.53912389  
-13.71522372  
2.488075314  
4.408512504  
-17.93359242  
38.41804924  
0.9085744798  
-24.08484862  
11.5720353  
21.77352194  
-11.13852139  
-7.011366224  
-6.106792467  
4.147647936  
-18.23744998  
-12.21328394  
15.18914337  
1.639401279  
-23.06274806  
-20.77184967  
-22.7768647  
-15.3519344  
-47.93042867  
1.352545808  
-9.495863274  
-4.046309321  
-3.96478109  
-0.6686722858  
-8.234646346  
-1.240937223  
-13.99717485  
3.249362392  
-3.867752288  
11.29637575  
0.6316959747  
6.866679238  
15.50421349  
-9.890436806  
-10.62892235  
-2.544672725  
-3.794493072  
