-46.37507636  
-31.5726315  
22.75669945  
-13.13424469  
-11.57574039  
-10.45685663  
-6.703577775  
-26.38179807  
-17.47658732  
0.7745905825  
15.10313211  
-24.7112375  
-15.67589407  
6.126782676  
15.32982378  
-6.105460198  
13.16733561  
-13.15718233  
6.72252034  
11.84532283  
-17.34913799  
-3.528161764  
-11.29536068  
-14.85583787  
13.19428697  
14.67365095  
-4.615676785  
6.825462128  
8.466751034  
22.83709624  
-15.44250405  
-19.63482927  
-21.28354597  
1.280572217  
-1.085779949  
39.17179525  
3.187715827  
-0.01261721679  
3.63389129  
-14.80734888  
-41.89028476  
-13.90934728  
-14.29782462  
5.383764904  
18.9390384  
-10.65011497  
22.7568449  
37.0375397  
-13.02384494  
-25.711926  
33.25167079  
