13.72427634  
-23.8510679  
-8.596053886  
8.427934163  
-89.23103819  
24.305072  
-126.3919639  
-92.89223291  
-15.30880015  
-52.77322794  
-55.94667189  
54.41951065  
-53.66666363  
18.50124888  
-58.5148292  
2.857248344  
-116.0595696  
5.648676378  
23.63422373  
73.80326797  
-78.12825125  
67.20830267  
-6.034976476  
-17.50014562  
-4.872787922  
21.96292889  
36.30417231  
-30.49367888  
-89.40656747  
-18.07702485  
31.13291258  
-26.26621959  
-87.15161416  
22.39512474  
-84.08216209  
47.28906581  
-28.90943937  
26.65446277  
-65.26083562  
-16.2726661  
2.826802691  
13.51634996  
8.366783408  
-56.14775916  
-77.75314098  
6.967468596  
18.22657147  
-66.97261381  
-82.15613227  
25.37252496  
30.47003574  
