31.74297695  
53.08551254  
-4.680033278  
0.8278049639  
3.551450598  
2.452723805  
27.80920987  
9.50636004  
15.7715841  
-11.61354367  
12.3186246  
36.76101253  
8.532758321  
22.63486327  
-6.043652523  
-4.333495298  
13.68028676  
2.137466697  
-20.79790992  
3.14963049  
3.476101123  
5.314288677  
2.113931477  
5.2315824  
0.5007989986  
8.736557892  
-29.03095765  
3.033031315  
1.915691566  
-9.892955293  
-6.947794465  
-4.667078033  
31.49688354  
-3.693956792  
13.5761291  
-26.3421323  
1.112895724  
9.967249037  
-17.74557683  
11.4287752  
9.603690505  
4.933261159  
8.353661292  
-11.08242227  
9.88829106  
-2.672342965  
-7.02198719  
0.9305662998  
14.14866641  
-26.11488067  
22.41570706  
-27.71347859  
