-44.1004184  
-9.923486507  
49.80767012  
-23.87981646  
9.308547906  
-46.06171504  
-14.77277942  
-9.534765346  
-12.99256395  
17.35594224  
5.220912903  
39.56848303  
7.011941955  
26.24527606  
-2.640860795  
9.225765029  
30.90064051  
-8.85649303  
-14.89058455  
45.99845866  
-2.568733634  
-7.93084865  
-10.32128529  
-36.18221276  
20.12783457  
50.07904677  
0.5270724216  
20.05949091  
-26.1742988  
-43.10315486  
-5.883580167  
-11.13316862  
-31.54903045  
-0.7602622884  
-20.40464299  
-9.223610522  
-6.776984468  
3.456397695  
36.48856418  
-15.89702339  
8.854165241  
-0.4414029155  
-2.086454732  
20.0554015  
27.9780259  
-1.351786524  
26.38893717  
13.27192481  
-11.09424109  
-37.40323489  
-5.497465903  
