-0.275326579  
41.72301756  
70.5319497  
23.52542797  
8.170834473  
-30.06066415  
33.01477536  
45.81462509  
12.46586538  
16.53934049  
3.140993827  
13.17163357  
12.93898564  
39.78858499  
-9.463801212  
-6.326952684  
59.79681097  
10.33168146  
-15.86694024  
29.67907854  
31.50665745  
-11.60057061  
-14.71432109  
-5.882988187  
-16.63679784  
19.24061863  
40.21275567  
22.96019081  
9.049878344  
-35.569179  
15.11322823  
11.60442227  
-51.36281102  
-16.10920548  
-17.3001572  
-33.75234579  
18.93017892  
0.5222472092  
24.16671886  
-24.75908066  
15.50375124  
21.55203274  
3.395542874  
38.76409149  
29.29594586  
10.89852314  
35.40954037  
-16.64452453  
30.51170306  
-30.13142945  
-19.78867399  
