31.39807821  
53.43890054  
31.66235469  
7.73891718  
14.31771459  
-11.77781541  
26.3300965  
28.90397116  
31.14639705  
5.45453565  
18.66601502  
31.95800789  
29.76219194  
31.69980172  
-27.9694122  
10.97232907  
19.98544966  
2.680407718  
-3.818900255  
13.39794121  
10.79972505  
8.776545535  
-0.9100844826  
13.6821186  
0.6021919455  
33.08507729  
7.844506875  
-2.490719112  
6.447888406  
-2.835383296  
15.23235753  
29.22970361  
24.6026605  
22.8767985  
-7.53591452  
-35.23348341  
10.26457966  
11.57718097  
14.17371174  
-10.92829146  
19.16355924  
26.90130214  
8.7352651  
24.17997042  
19.80324706  
22.84292996  
17.31192154  
-27.08715056  
25.02231243  
9.669538409  
-27.05750858  
