0.2795690349  
45.92212148  
16.32776463  
24.3976252  
-6.223956881  
16.73393842  
20.39796746  
-0.7549385961  
-10.60964594  
-34.2435371  
33.09824283  
-10.82334521  
9.989294333  
14.92297749  
-7.170972136  
-18.70877329  
37.56224714  
-0.7145440042  
-3.623315127  
6.537738856  
22.03374372  
8.681921168  
-9.021036264  
31.28249807  
0.5436193279  
-16.72685268  
-1.198336901  
2.29725928  
41.5525747  
30.48347517  
-11.65790419  
3.49823739  
15.61546159  
-33.74309047  
10.81082866  
4.4395466  
15.12011518  
11.25339045  
-16.97081692  
4.420567896  
-21.97517245  
13.09326141  
-1.649622223  
3.792579688  
20.74928246  
11.86415819  
17.94913863  
10.54824728  
27.08725172  
-26.63205382  
30.99088313  
-1.53638771  
