-0.4069538133  
27.68651947  
-17.04726995  
-1.870211641  
-0.816180328  
1.367632133  
-12.55561257  
-31.63932536  
-19.40625511  
-26.5487356  
12.58080782  
29.49154458  
-3.90107392  
-5.08995253  
-13.58790792  
-5.321920179  
-7.947946126  
-2.800488584  
-11.68363823  
1.049874672  
4.992288737  
19.81276514  
5.493986586  
17.85327283  
19.0659762  
3.082972723  
-39.08111898  
-8.204225411  
-8.236283305  
2.977374688  
-23.40229574  
-11.01361054  
51.55820893  
-22.90056013  
8.421056523  
-14.79542821  
-11.36864598  
7.404061459  
-11.73048578  
-0.7969054443  
4.697047329  
-3.829046765  
7.959860565  
-17.35669016  
2.335622869  
9.796806226  
-11.47673191  
3.205690646  
-7.133311646  
71.86776743  
38.74675629  
-9.484207717  
