-21.02308569  
27.06967208  
20.87643692  
-17.94265958  
-9.282025828  
-0.2583121274  
21.88873547  
-15.31332416  
-1.61760057  
-10.24150547  
27.84529191  
10.17087815  
-5.585367783  
29.36130977  
9.056418967  
-12.16402619  
28.70582956  
-13.20827505  
-10.91750803  
17.80416726  
-13.46444839  
0.600837315  
-9.282720951  
-10.88631329  
14.05873968  
24.69393988  
-33.46638669  
8.482444356  
8.801525906  
12.88636612  
-20.76355674  
-14.93550459  
15.63069273  
-4.126521984  
17.57346582  
14.86291653  
4.064035521  
12.48252296  
-11.82517234  
-3.623782709  
-29.712086  
-8.940536219  
-5.397361835  
1.975584604  
28.18667696  
-11.50259056  
14.73900221  
38.65926105  
1.452817029  
11.69123021  
4.302610358  
5.787674847  
