-11.13722465  
-11.93273583  
-12.04741218  
14.17683665  
6.430149926  
5.959377215  
-16.21202569  
12.38927221  
-15.94693885  
-7.500805039  
2.824757514  
5.295264615  
29.75151856  
8.332089683  
2.220159657  
-5.435848428  
-2.432295943  
1.119563545  
-4.966402793  
-23.92899837  
0.6741896543  
8.307263846  
-12.75742383  
18.45355921  
0.5391022311  
-8.675124901  
-22.89213514  
-3.65260814  
3.613478939  
-25.00572397  
-17.92157839  
-32.74522928  
25.04429519  
-17.83253572  
-2.032738412  
-32.33509058  
9.70363722  
9.824830341  
-1.581549732  
39.29214175  
-7.035297896  
4.95284478  
-5.102669047  
0.8000822531  
-4.298463427  
11.81462471  
20.10072128  
7.274260868  
-18.10335158  
43.60924887  
1.185296653  
