11.49191989  
16.1318881  
-0.9679012855  
10.98225724  
18.33813954  
12.10568858  
-7.813385733  
-29.71948366  
-34.13262104  
-5.516756203  
26.90028574  
-7.491129992  
-0.232992216  
-3.761409007  
26.73969785  
49.7397943  
-36.49540139  
-15.47689178  
0.1462271919  
-13.93217598  
-22.86797913  
-13.90511481  
-2.672815806  
44.34059435  
29.55545745  
-22.82071451  
-3.820976613  
-3.14122715  
-1.798125581  
-40.63816465  
13.54528646  
-35.58829299  
-21.02852048  
38.85427775  
0.6508964526  
42.66976087  
8.003268633  
24.87398958  
-16.58742164  
-8.331054431  
26.21056031  
-20.73291305  
-10.07695504  
-29.48129312  
-3.358411856  
-40.69342372  
-3.777908178  
-24.78408132  
-61.84108671  
17.2620394  
6.837779176  
