-14.31596684  
7.244595873  
29.48272135  
9.531623694  
-12.63649026  
10.53886942  
31.24446738  
-11.04106212  
-16.3241371  
12.25532118  
1.299610691  
22.24034893  
25.37396981  
-32.3681167  
-21.31007727  
-48.72212435  
-0.4617242644  
-6.240884793  
-3.130768063  
6.829604007  
18.27860366  
33.55636842  
-8.263704988  
-31.71567931  
-1.383962633  
-6.385731869  
-36.04764212  
7.947131066  
36.42701762  
-1.42943751  
-45.41927132  
-7.246737219  
-37.64651041  
17.48695488  
-15.2091258  
7.194042922  
14.48742882  
2.983067039  
-23.53630522  
-5.528655081  
-4.363485011  
0.9714392673  
-11.74330912  
-18.65775043  
36.23866929  
-25.22561431  
-27.2896508  
19.31653103  
1.080613518  
-0.2317031351  
3.379010494  
