36.25219191  
-23.35975792  
-11.26048577  
12.63150007  
5.662191625  
2.090153567  
30.1738696  
-34.20457322  
-22.91807983  
15.74355566  
-19.22920007  
-13.29496838  
3.00323587  
-7.192865772  
-51.95189524  
-15.80530232  
5.288086743  
10.36176503  
-6.445505841  
-32.2592257  
-14.8821191  
-32.54089938  
5.862582069  
-3.153128729  
3.064063321  
-19.48544903  
-29.26978617  
18.47818971  
-39.53964112  
13.86162688  
21.31856779  
-8.170085858  
-11.58909945  
43.76666641  
-1.168413136  
27.69151362  
14.46279878  
8.114169978  
-11.70416909  
0.2980372281  
-0.8652084778  
16.39337896  
-5.194396393  
-11.2087265  
-11.36169689  
7.519319575  
10.66930844  
3.673772138  
-2.756501915  
25.0372457  
4.049558123  
