-11.75260144  
-3.46601564  
-5.28090598  
-23.16712916  
-19.6660052  
-4.409352726  
-11.6805708  
29.87498921  
-11.67815169  
27.00965337  
33.26686918  
4.64342585  
-11.8600062  
-16.96283089  
-22.16484311  
18.55178033  
7.715038435  
-18.15364922  
-53.39874083  
-37.74861388  
26.30869878  
88.3377998  
-12.60081749  
7.144291648  
19.38776408  
9.910371254  
-53.83497593  
-0.7010064618  
-8.103530494  
7.758716419  
-7.564324135  
-11.82974334  
-27.43269372  
-53.53195289  
-7.396887559  
-10.97085843  
-10.22489133  
2.077429095  
-22.41259332  
11.19316466  
-16.36608924  
6.153488589  
3.251398078  
28.74131952  
29.79240394  
-24.65387994  
25.94648953  
10.75125708  
3.080983581  
22.34088373  
-22.22700631  
