-3.623976569  
11.12943401  
-2.812415341  
-19.64873427  
-5.808006066  
7.396097758  
21.19568224  
-15.62792816  
-29.20910699  
9.746192142  
0.1346982718  
4.664905658  
16.4081544  
-35.53868311  
-43.83173043  
-42.36629554  
0.7655160285  
-35.67745044  
5.001389792  
-11.26376371  
6.30747883  
19.37140308  
-8.670123304  
-2.068592756  
12.32876836  
-2.031387565  
-87.36000373  
27.80815009  
15.44365241  
-0.8546830091  
-22.37430601  
-9.667747706  
-21.65484892  
1.030079561  
-25.34652546  
-0.03842915612  
26.76428812  
14.29917089  
-10.03317063  
-2.708398259  
4.25168752  
-14.02015307  
0.9648179178  
13.14341182  
14.61162149  
8.016376241  
3.056642442  
2.808078391  
37.77020211  
0.3058526557  
-12.56413286  
