-27.29065336  
1.808287271  
-18.71427238  
-52.27180996  
-51.10223268  
18.21585126  
42.38680887  
-7.42289953  
-62.61940796  
-8.694405699  
38.55484314  
44.69564073  
12.02606748  
12.48674316  
16.17396014  
14.04483714  
-39.83996807  
13.0412668  
-11.90235869  
-0.3042782664  
-22.19464145  
29.17319764  
-34.25560611  
-1.822091436  
-2.070245576  
24.06570562  
4.754892858  
4.876471901  
27.65283376  
-2.520935714  
-13.27766179  
8.428567517  
-41.74614029  
24.80724599  
6.774141007  
27.65587946  
44.79396114  
17.12923054  
-22.45643389  
-11.39546732  
-1.604450615  
-12.09488638  
-8.77465866  
-21.71034534  
40.97585729  
-34.18821201  
-4.728028689  
0.7598614752  
-50.98948  
-4.642854393  
18.62258027  
