-12.67181472  
10.9318604  
19.48059225  
7.067292811  
21.7007071  
19.70377789  
16.40177269  
2.906875783  
-10.70994975  
-33.73231799  
8.365482061  
8.544373532  
18.82974829  
-12.41356837  
-16.76445664  
-32.39749987  
-20.4886719  
-0.005344791377  
-21.3288349  
28.30033196  
-29.19490947  
64.68594238  
-18.56145341  
26.46389123  
-6.682354884  
35.95223249  
0.5363234426  
6.19686837  
16.32710039  
10.99050876  
-9.132567039  
-22.64419566  
28.9698605  
-15.73145003  
-23.57067141  
-73.93702014  
10.08522859  
3.212878853  
-23.59599458  
11.76592387  
-6.881282926  
9.709642653  
6.422080963  
3.66296747  
-7.156206919  
15.81685636  
-12.35985006  
2.429478057  
11.26375262  
8.612201174  
-22.44310133  
