-37.69724653  
0.3382815226  
-4.981056025  
23.75939049  
32.22037262  
19.76838956  
-7.304346775  
3.436087384  
-47.77978384  
-16.77859213  
-26.96538573  
-5.355078539  
-1.241232785  
-8.144337811  
-4.062674965  
26.65487601  
-6.071866277  
-5.12066092  
-19.73209737  
-16.05180038  
-9.088180858  
50.94036439  
-28.15262348  
-0.3871982114  
2.157372794  
15.46061468  
0.5104357666  
9.120196122  
0.3565666245  
-40.54627732  
-9.599605499  
-38.96995836  
5.92525681  
-48.21088201  
-14.99807414  
-73.12657123  
15.33325505  
-2.175479524  
-10.88106112  
34.30800411  
8.499135988  
-15.80953014  
10.12991713  
-10.08927191  
-7.798128198  
28.68199908  
-17.0975098  
0.9340007661  
-20.94276576  
49.35158165  
-32.5378116  
