-13.98191973  
16.46518854  
-14.25463983  
-14.49585802  
14.81463311  
-44.51568015  
-46.98915759  
-0.797288396  
-13.3711481  
8.014517061  
26.46633022  
-38.05458753  
24.81550651  
-11.07757914  
-32.19770137  
-4.37933161  
-19.76977904  
13.87664308  
-37.983756  
-31.71065062  
7.14037679  
15.32007853  
-13.26018173  
-13.88207084  
-16.25285848  
62.56102746  
-28.81019255  
11.22734892  
-3.11003679  
6.324762515  
-8.026173798  
-5.062598904  
-54.41610223  
37.65049025  
-17.1990295  
-29.0639732  
-13.89843535  
-35.27513633  
-24.53259593  
-23.36547476  
-3.750787819  
-25.68158837  
-1.680972152  
19.22787428  
4.478237658  
-12.28875007  
-1.279288759  
-9.110294592  
5.983007065  
50.1170026  
-5.98940645  
