1.530495165  
-4.777738405  
-18.9666025  
-3.568355474  
-6.032243089  
-0.2321484911  
47.16401264  
-6.883474547  
-32.15508655  
27.41467205  
-14.87078938  
6.429654572  
39.22436658  
16.8104775  
10.66043474  
30.85439292  
-8.003702377  
-14.25835013  
1.613508477  
-4.295024559  
-22.61106665  
-27.40044467  
4.332680612  
1.450892185  
-0.5850360599  
-16.52571405  
11.18209983  
41.02298406  
-3.207030592  
-9.27752027  
24.88789806  
0.2945801102  
7.412297442  
5.360253737  
11.30283878  
20.400353  
-6.882628297  
-1.898215154  
11.26070923  
-24.3298438  
-5.090562323  
4.714327187  
-5.465299549  
6.904795221  
-3.082596213  
-17.53396415  
-9.197916769  
24.4632324  
18.29422847  
-29.94922998  
-30.68612897  
