-63.08867353  
48.95850512  
5.876214166  
-28.77622598  
3.364052939  
0.1824982564  
-11.49183898  
-7.545592632  
-47.88372836  
-30.62957903  
31.55417763  
56.39503435  
-3.602553989  
12.15163834  
24.47789405  
22.98415877  
-19.7008254  
-4.011678056  
-21.78694829  
-40.39246458  
-25.89951523  
11.30991699  
-25.00470287  
3.440086312  
3.823459378  
26.50571012  
-35.84510557  
0.4763239423  
15.61700334  
-14.50131191  
-26.15125718  
4.658233857  
-39.70799022  
-11.27237434  
13.98660365  
10.02639329  
15.82674329  
-4.600875409  
-5.241180628  
-29.68645668  
1.094507876  
-1.979066141  
4.160639908  
-35.25809889  
10.57052143  
18.9726161  
-18.09775407  
-8.843915033  
-48.68679237  
-10.26284179  
-37.27542639  
