30.43772875  
-21.49500978  
-8.758073452  
-49.06769512  
-35.56171531  
-5.32367634  
48.62045023  
-63.14347152  
-30.92139578  
2.92844359  
14.92821195  
3.113895593  
46.37032109  
7.366208689  
-5.794519424  
36.37436216  
-12.13108688  
35.56054697  
23.92438019  
59.12876655  
-22.4595664  
-24.27931944  
9.990025113  
-40.80069159  
1.637787354  
-46.09532713  
19.13137466  
-0.4640587476  
-5.941192832  
1.480455374  
32.15339322  
-24.33469815  
-26.7305556  
37.49046428  
-4.904657434  
39.2698703  
11.91470178  
9.268570464  
-5.139515494  
8.861369998  
24.3008989  
15.95492926  
5.145177609  
16.13656637  
-25.25108781  
-9.004276323  
-27.72893993  
17.43164943  
23.08317638  
-38.9893381  
-14.89976193  
