-1.710051695  
-35.34766071  
-0.4183082018  
-3.119718091  
-25.42906726  
14.61028169  
36.52153213  
-5.638817987  
4.301598283  
7.943680532  
-17.30415501  
32.99608018  
-51.78843409  
-27.78736172  
11.39090989  
25.11788262  
-5.473735242  
30.59073264  
-7.599713466  
3.477769735  
31.22430046  
19.18747169  
-9.400519993  
-17.0333811  
-20.68100523  
-13.92020455  
38.52423338  
-4.961206554  
32.46202611  
3.454056561  
-17.1611959  
-3.973085968  
-12.20733848  
28.8650636  
-15.22944194  
14.24594413  
-1.824523556  
-8.622814038  
-23.44118963  
7.242767465  
-10.10565418  
17.33694973  
-8.343617281  
-12.54350568  
-12.40187623  
-2.698223667  
-52.00182061  
9.567589204  
-48.84529951  
20.77814078  
-12.63284072  
