4.210265193  
5.69115887  
2.820892366  
-1.149917493  
-2.652427873  
12.62233436  
6.971027895  
33.76170604  
-12.07385427  
10.84493417  
4.698665896  
-10.12472643  
16.88287146  
-7.64089525  
-34.19717944  
-12.22997038  
-14.3391383  
-17.58305426  
-15.43440045  
-31.60006439  
-7.078405039  
9.656665508  
-13.82665092  
11.89441813  
15.12476947  
24.8962685  
-38.59806497  
-1.546000438  
-0.8096378353  
-15.00754454  
6.361614526  
5.201986451  
17.34609604  
-54.28671508  
12.21574181  
-13.8126473  
13.75362836  
9.139233835  
-17.58855189  
7.371013935  
-13.87152694  
6.511730076  
-6.140099671  
14.81906674  
12.24045068  
8.947739969  
27.9253297  
7.176540339  
0.783073014  
9.352329844  
-3.35362188  
