-13.38256697  
-3.055151545  
-10.92889791  
1.858095095  
-57.1481195  
39.39503582  
33.02653316  
-52.65900881  
-34.40296035  
-8.861273889  
50.15814854  
46.33997148  
38.70672766  
30.67467155  
80.36381508  
37.31322665  
-7.695305545  
-2.427693922  
2.732483718  
14.92873103  
-7.750148765  
20.88767364  
28.49628643  
0.7836601323  
3.695230147  
21.69183731  
-38.36547743  
9.14934998  
23.65180222  
39.35724052  
-4.671695748  
55.10645284  
-1.56299924  
-23.06564389  
22.43657444  
16.636398  
3.031105933  
27.60609118  
-17.25012108  
-10.95603714  
7.178008772  
-2.763358037  
7.474540611  
28.66822672  
10.55429571  
25.91926754  
-37.40996713  
35.8587508  
33.21641039  
4.598238705  
1.741415825  
