-11.82288944  
-18.53943047  
-0.3068047392  
41.41897717  
-15.2296908  
-6.775701583  
0.6335707204  
-67.0886632  
24.36156945  
-28.02714367  
46.14630908  
40.19146779  
-9.169757457  
8.14752513  
43.61218936  
20.28735675  
-28.77216835  
8.703884991  
33.03295188  
11.12334932  
-13.36956796  
-0.889747558  
27.52555693  
-0.9393409696  
4.603006875  
16.90398946  
-5.404760525  
2.27722487  
56.04772597  
39.23515072  
-13.1538709  
53.92393652  
9.316878585  
9.267237729  
7.004538511  
21.49926958  
4.523573452  
-4.496361885  
-10.55490465  
-13.15982997  
-4.631647582  
0.5872294379  
8.818171041  
18.30979436  
-11.97252195  
44.92453373  
-53.1679583  
39.19646691  
26.81680574  
-43.31501774  
-13.43486024  
