15.38080819  
-11.51915741  
44.82010816  
-70.72079599  
-91.91109024  
-27.83133092  
-65.23707204  
22.03251436  
-15.27476604  
-142.6351969  
201.0552458  
-48.8321951  
-43.8803266  
143.9742888  
-11.48168487  
-26.19139464  
-103.4599459  
5.121212703  
60.80379791  
119.2618892  
-34.47153266  
15.67008337  
-66.485112  
43.67345656  
8.4224027  
56.43814425  
24.62808862  
-7.438298645  
-31.82583796  
27.6289025  
17.02126942  
-36.92312598  
30.93934324  
65.82841947  
-14.8613814  
-48.38390589  
-43.2372882  
25.22338495  
-25.83128968  
5.750748866  
-20.05777098  
21.98047807  
31.87590745  
-29.58940242  
-32.2179024  
50.21792199  
31.50994387  
-4.436729093  
-74.77505573  
9.945052415  
185.1097349  
