-47.67348322  
47.60455626  
3.8450819  
-12.8112773  
-5.650540264  
-11.95377847  
-10.44164628  
17.2908754  
33.17923306  
-20.79289742  
-8.990676246  
58.77176866  
24.97920618  
-7.579606175  
20.77431297  
7.882019664  
2.673335489  
17.56157351  
0.1476149848  
-73.3185708  
11.99420684  
-0.2473140919  
5.691263582  
40.56516434  
1.773429545  
-39.17735559  
-39.80046032  
-0.9544872768  
-8.444129214  
-75.1193654  
6.768276595  
-26.34559754  
-6.367727807  
-72.67706065  
-26.4988362  
-39.99318527  
3.529200092  
16.51517169  
-26.18652868  
12.55611499  
12.40683574  
-8.315211525  
8.125254278  
18.86809809  
25.92300493  
1.726741983  
-0.5566210665  
51.98638607  
5.334149204  
3.187277336  
-20.07538299  
