67.61022628  
-23.38579352  
-30.82515674  
61.14737433  
-39.06521298  
-14.61291857  
-192.4730036  
-14.69672725  
-114.8273959  
-241.1549623  
92.52971473  
16.06246531  
112.0400399  
-13.39880276  
-37.01616046  
-145.9132244  
-34.82145659  
-14.84352796  
-12.20564947  
141.7163242  
5.048314645  
30.05358837  
-31.21400202  
43.68263632  
3.926494788  
15.63878633  
10.14688879  
-10.39743033  
8.020002511  
-22.79170963  
-142.1227876  
-10.0701984  
80.35186826  
-37.8063491  
-24.7625801  
-43.89223563  
-48.51254831  
-29.1063262  
76.8553099  
9.360837603  
-50.65980686  
22.46472386  
-28.34380372  
-118.5760571  
-37.87548628  
-0.2742516344  
-7.459220193  
54.45594405  
6.397401246  
39.13022103  
18.84333795  
