-0.3353234053  
-4.691981193  
0.5878406813  
33.82682345  
4.218603996  
7.502279353  
-0.9696266035  
12.52989034  
-43.27332617  
-9.006170811  
-21.13637556  
-14.33143379  
-20.20662745  
-13.68059353  
-39.34716072  
-33.79115092  
-17.01486787  
27.53925737  
-34.4297471  
-25.6761336  
-17.25487095  
14.29334768  
-30.09268351  
-5.758764591  
-8.835562702  
13.42065835  
-13.7787137  
18.05856218  
-40.98409611  
-21.25345673  
4.065094699  
-11.94448137  
-38.65446453  
-7.904989751  
-11.81981275  
-7.147621167  
22.44581518  
14.96603945  
-28.95606907  
-3.296425431  
1.956657046  
-25.51251953  
-13.43915174  
-28.79520519  
-22.20228493  
3.90073518  
-5.269894054  
20.47141041  
10.17335122  
2.367946657  
-27.46844276  
