-20.0976474  
-7.318861781  
27.30313969  
-34.41569099  
51.68323266  
-14.47678242  
39.60557521  
-21.57243314  
0.4565999548  
15.80231132  
20.8170743  
-22.05416564  
-20.45102979  
4.26556011  
-41.33058112  
-37.82482071  
-9.78329314  
-6.796742921  
-33.05386505  
-24.41207569  
14.1225243  
-7.385320251  
7.51136469  
-14.59808543  
6.738073742  
-63.04335093  
11.92892051  
-1.073017884  
-33.73853506  
-33.91895674  
-16.33852432  
6.995552858  
-10.3780272  
21.83161092  
-9.352752889  
5.610851733  
0.5120985458  
-20.79881237  
-37.22384941  
-28.62611293  
3.425771228  
-32.02398488  
-13.18066679  
-35.40233337  
1.856221366  
-1.728634357  
9.711525468  
4.258961242  
0.5455261449  
-3.87334553  
9.594314726  
