3.581773452  
18.39202095  
5.433656879  
9.365251061  
-7.898597788  
9.362607386  
24.09005113  
-26.10934823  
17.28813447  
19.22506627  
36.60315204  
16.43730084  
-7.716766035  
-20.71583149  
-23.7375806  
33.11091582  
18.68076982  
-17.44085344  
21.56489108  
1.05888749  
-0.05662520839  
25.13699468  
-5.108966634  
-33.34423126  
0.8245657862  
-33.08537275  
-25.19017086  
-0.1819095598  
22.31455626  
-22.72482741  
-2.190994609  
4.20942825  
-26.37088153  
1.638290115  
-20.51872654  
-1.791642623  
19.6988785  
-12.54640618  
-2.783819674  
-8.626268108  
3.112124289  
-8.085483162  
2.398837065  
-17.10460051  
4.748795406  
-11.63959747  
16.29281185  
-5.94226673  
-14.65303284  
-6.521821048  
-6.27461259  
