-25.55348093  
-48.65836034  
29.18154701  
12.48256567  
-5.668611121  
-24.85818413  
-30.00116628  
11.54774791  
-8.951854475  
17.43478108  
-42.22960329  
31.25297179  
35.4003982  
0.8176047126  
12.84689211  
19.35482419  
33.70150696  
-2.265494804  
-11.54570414  
59.94971274  
23.99110265  
-12.79824765  
11.79327951  
-27.60365017  
-24.62391171  
-42.95539853  
10.12597317  
2.26792618  
-32.70584727  
-5.07635266  
15.07291982  
56.23590841  
82.67303842  
-64.81479888  
-11.69469012  
9.445147347  
28.25902584  
21.90439202  
-11.20038048  
34.25038636  
-16.44997409  
22.93774529  
2.380949798  
39.51292649  
16.13386165  
65.27323264  
6.814273393  
42.60158993  
54.95250672  
-4.551563735  
-37.81115011  
