-61.6322059  
-28.70330136  
-39.47467922  
-32.72417162  
-2.682652616  
-28.95491042  
21.38231326  
-15.48858661  
-59.27676757  
36.00303792  
-54.8127463  
-8.795630614  
-20.99799296  
19.43765403  
16.99854526  
14.50174601  
37.14980966  
9.426472279  
3.829857327  
42.51665384  
-13.91080261  
18.49730495  
-15.36136118  
-1.750084019  
-3.378438016  
-28.16885095  
34.09503145  
12.63909658  
-33.94136438  
-8.219888017  
-7.988914072  
-22.54677449  
52.0230078  
-17.84508963  
-20.39530862  
-73.32563593  
4.500961807  
14.80816426  
81.77994823  
20.39566025  
46.51927381  
8.785631395  
-21.2920508  
2.465016187  
27.64554163  
36.92247582  
5.885286312  
19.2455472  
-15.62673257  
-17.25190481  
-1.652574744  
