17.0990337  
2.784831253  
-28.78235527  
-8.973740848  
17.57147473  
5.403012811  
-23.42687519  
25.5266152  
-3.713846789  
-4.616973121  
52.88088178  
-11.21015379  
27.32888302  
4.831514246  
22.88960454  
-26.85498356  
-5.184507294  
8.578826438  
-6.600531764  
-5.758774241  
5.69776631  
-32.01000189  
-0.1420553264  
-7.764973787  
6.481617675  
4.02941849  
-32.73072717  
-15.17187873  
-4.6075306  
-19.93023768  
3.377166486  
-8.724405424  
-6.645754727  
-8.035059388  
-6.501500774  
8.261591306  
4.932387356  
11.72416844  
-18.02906146  
16.15802633  
-10.14260757  
2.577336987  
-7.402873579  
-7.914784387  
-17.33391953  
-19.81093251  
4.083994234  
13.52584823  
-32.94534585  
40.63400497  
6.056751853  
