29.94912769  
13.81432412  
-31.93723881  
62.91700204  
-70.856626  
15.43758871  
-59.31282457  
23.01080251  
0.6045272509  
26.55565662  
-28.85982767  
81.96468882  
28.57261399  
9.352910671  
29.47601112  
0.534087797  
-14.21208499  
25.06760126  
-12.21497099  
20.0817204  
14.10668827  
46.70756384  
-20.75775584  
-2.10007692  
5.534998008  
61.73436104  
-19.91032219  
-17.89452643  
19.91902692  
-1.904412764  
8.754393021  
-11.29913788  
-42.5364851  
4.182287099  
-0.8956562042  
-6.792583916  
-8.944257684  
3.671555984  
-11.38897399  
13.09867549  
-21.29159955  
-4.775908567  
-10.90517794  
16.75353584  
-24.73185259  
-15.28221614  
-13.96625668  
25.68955895  
12.28151228  
16.92423148  
-5.77252514  
