-12.70522765  
-35.23294332  
-42.20122358  
-7.507745307  
-58.76500316  
-11.4181835  
22.20828459  
-30.96529734  
-21.34298459  
32.12766136  
20.91433623  
-28.40585435  
-29.6481075  
23.64580103  
-3.416482766  
-3.609762808  
9.532789969  
19.33378799  
13.28927189  
67.55495039  
-41.81466372  
-11.1812911  
-22.29436553  
-4.699280446  
32.799428  
32.55871617  
-22.17774877  
18.92954295  
-46.84836747  
26.35134048  
-25.74832196  
-1.763016246  
11.58480851  
55.95388457  
-22.99630861  
-18.95380297  
-15.00097302  
4.112309595  
42.59633785  
21.56464787  
-21.23937564  
3.23563907  
15.44069082  
1.611750137  
3.136976749  
-13.03570319  
-3.140023254  
-30.64593445  
-32.60243182  
-6.832512367  
59.48518745  
