7.515759493  
-12.02884048  
-14.84932686  
53.96467409  
34.78738649  
4.163384747  
2.118291156  
0.1815876118  
-4.349824897  
28.62825907  
-30.2232857  
-20.83864482  
-3.194355751  
-22.8097612  
-31.4802463  
-24.2972618  
2.305966139  
-26.25441232  
-18.76788974  
-46.05053428  
-4.011920148  
-6.511310355  
-9.395684466  
22.08747109  
9.588808187  
18.93787279  
-65.76109432  
39.935256  
-45.45723271  
35.41847809  
-15.12032912  
20.15136636  
10.60813984  
27.51724762  
19.03880505  
-9.803204437  
5.24270471  
1.517450349  
1.593474343  
4.138606586  
-16.96009786  
8.143400994  
-14.59208075  
-5.525080549  
-1.387436779  
18.94648547  
11.57416965  
6.409417035  
-19.33775812  
41.38187165  
8.544475551  
