41.28055363  
-6.42232423  
-26.88130687  
-12.54286811  
-8.466048331  
10.49676539  
46.88917056  
-28.01511161  
-21.26670388  
8.40167472  
-15.45208718  
11.41756027  
13.12893431  
-11.17765852  
-3.849717816  
1.101394052  
37.35933034  
14.76218182  
10.02653657  
-34.49064128  
-19.32527287  
-41.79334231  
-2.235204133  
-7.626808257  
1.609102529  
-21.20603469  
4.077380896  
28.05334654  
-28.06648899  
28.06927421  
32.04394938  
-14.07204864  
-16.74386953  
38.15490999  
1.827446325  
18.12365839  
5.468854292  
6.34701811  
6.079740498  
-1.628157194  
3.636977866  
19.06278117  
11.15998807  
-2.922336011  
-16.29428526  
-7.509326829  
-15.82321625  
12.98783203  
17.84201555  
-28.24643271  
-11.40913849  
