-18.85711363  
-44.00252219  
-25.21148556  
-32.54903453  
6.629630853  
-10.42123543  
-8.243912157  
-18.91336251  
-1.894849843  
67.48388067  
-12.05459999  
-7.384027118  
45.8265594  
31.15482411  
24.71355  
27.88083208  
-4.96393766  
-9.176962431  
17.28299279  
13.06141364  
-30.63575544  
-36.24828301  
4.382999272  
7.606469333  
5.052775531  
-39.23321604  
-19.86021567  
30.77032382  
-42.0160579  
8.625553697  
10.99579315  
14.27378163  
-1.559757513  
35.70298408  
13.8559551  
49.28159627  
-18.64272828  
0.5680402682  
-7.542206692  
-2.520595803  
2.990308807  
14.19198092  
-0.7707858348  
12.6127927  
-29.34115421  
-35.4809911  
-12.67766843  
29.96050905  
21.08362125  
-21.14394712  
-27.77255604  
