-18.62344505  
28.24020717  
33.64766719  
-33.19178864  
73.53814699  
-7.935149863  
8.483658561  
7.663088375  
0.5087068222  
-15.99490111  
-35.9141447  
30.5099111  
18.03354551  
-20.27605075  
12.21618434  
-31.64954481  
9.580341066  
-4.133231713  
-10.46714647  
11.96627846  
5.33237317  
34.80133596  
12.20153118  
27.79774695  
-35.82603259  
-34.50795401  
44.33392665  
-11.54576627  
23.02676953  
20.43881966  
12.90785129  
-6.593763093  
58.95723873  
-35.89736324  
-3.239736477  
-68.79339033  
14.09644837  
16.10711447  
16.29800656  
-21.2266867  
38.38546427  
37.62100589  
-32.4090733  
24.77908683  
28.16240117  
38.6331847  
13.88923756  
47.81329015  
20.32623184  
-56.11533125  
-34.19599515  
