-20.24711788  
-6.338331252  
-7.856509912  
4.724450936  
4.449734215  
-4.456350883  
21.78410897  
-2.884656342  
-43.83761225  
25.3018443  
13.45154484  
2.555022793  
26.37243651  
11.48026994  
-9.627973929  
-22.53129146  
-8.792428197  
8.140476339  
-13.3903628  
31.89384204  
-57.8529622  
37.21838606  
-11.53278917  
12.61928806  
-0.8460952224  
25.46793742  
-35.4202033  
0.8249027539  
-16.48883855  
-1.641982565  
-17.36871755  
-35.14441787  
27.39202597  
42.80541644  
-24.13412982  
-69.4263751  
0.8346927174  
23.0471549  
35.58391527  
28.34059357  
-2.206185331  
-0.4205139851  
6.985819627  
-11.81475603  
4.796528535  
16.36948604  
-16.91592479  
18.36110202  
-37.92472949  
-1.663801907  
15.18793627  
