1.389951047  
-12.68189963  
0.1766155383  
29.55515039  
14.8320673  
-50.67375925  
-58.54531609  
15.62862644  
45.45572745  
1.376143127  
23.62165634  
-0.0308327346  
-65.87498063  
-45.11563531  
-46.41660056  
7.93896218  
-13.58977009  
-6.856079167  
-16.0423997  
-13.5998891  
19.25219921  
58.71695812  
-7.153602765  
7.02684222  
19.42155457  
-1.009627161  
-23.7117655  
-10.0295382  
9.685340146  
11.8215238  
-17.01292512  
-9.307501306  
-8.267672313  
-24.04880281  
-18.24819235  
-13.18893148  
-12.21705198  
-15.74731115  
-13.92914201  
10.17786066  
-37.84661216  
-2.53424843  
6.710555079  
0.2998724189  
-2.313453362  
-3.652637876  
8.325986831  
8.899957041  
-1.881260512  
-31.65469814  
-25.23002347  
