13.28212292  
4.553886557  
-4.541306233  
27.12549382  
-20.18528612  
6.515742352  
-28.30515415  
-0.5521878163  
8.406506654  
41.75553349  
-5.357459293  
53.79061088  
12.22754328  
11.57960452  
-22.28628445  
-30.26514395  
-28.6670071  
19.32509505  
-37.41629645  
-10.41870419  
33.98321301  
34.83599061  
-11.43925068  
-14.72074344  
13.19969428  
0.8716832841  
-6.687672313  
-22.40179935  
-8.71874939  
-34.50691406  
-5.304814375  
9.438406406  
-52.23288071  
24.48435707  
-9.755173689  
-6.163109833  
-8.376281059  
-20.21945128  
-44.35012722  
-16.69355085  
-17.93358458  
-20.36663962  
-17.33303231  
-19.53054169  
-24.84707336  
-12.67643776  
-1.514448615  
24.64921345  
9.609348348  
8.334128978  
3.221253554  
