10.94841397  
9.486579414  
17.46215794  
9.788570762  
25.02988454  
-26.36734168  
-2.673081032  
43.11415955  
-5.838305326  
19.82615191  
16.0540158  
-38.75413471  
-51.33667984  
-19.61358064  
-53.20874545  
0.08755896091  
-43.73296473  
15.41203645  
-25.4639907  
-30.66104484  
-20.75827408  
33.67978742  
-2.2180191  
5.612860934  
-27.7953133  
-13.87968175  
-19.47639156  
-0.7730234502  
-67.05585721  
-31.85061638  
8.517753251  
-21.88877057  
-19.64278306  
19.00473003  
-7.217909992  
-7.210364234  
16.20602832  
-27.37880233  
-56.17785006  
-5.647471801  
-14.57963871  
-3.247365164  
-2.771537286  
25.73493019  
-13.92369491  
-38.6027847  
-11.88022753  
12.79714856  
-5.354288129  
-9.147203175  
-26.99047494  
