-50.44524571  
2.370997193  
43.84978688  
12.97145135  
-16.50376677  
-7.06178835  
-53.63590163  
-1.893852406  
-38.74193552  
-31.92953543  
15.48319238  
36.13415087  
3.915559828  
25.23762548  
12.48417181  
42.51665516  
7.204504696  
-16.8466681  
-14.05992398  
17.8163104  
4.463114043  
24.0361926  
-4.505630187  
-6.577375778  
27.53059689  
6.013389535  
-3.664093137  
5.204056978  
3.318537718  
-30.46251406  
-26.4290648  
-8.000940599  
31.1720727  
-26.92258987  
0.4036497323  
6.220410754  
28.28335311  
27.19697834  
-21.63186297  
-16.59101707  
-4.394190373  
14.27547256  
4.40980432  
-5.791233702  
17.43548656  
8.776829792  
5.382789167  
9.814617682  
-45.29195106  
24.45869048  
3.734895775  
