17.75004219  
-13.45145685  
-7.9022373  
12.6368587  
10.8807914  
-21.4806198  
12.57169281  
40.24447801  
-18.89722963  
28.47791595  
-2.572289179  
3.336752641  
-28.47369483  
4.367935209  
-77.47229688  
56.43228902  
-5.040930468  
-6.237277113  
-13.27727279  
25.18290266  
4.801066658  
55.49603667  
-5.957677584  
14.18935051  
-4.840709763  
-31.51178568  
-64.3367666  
-9.28548267  
-33.54702479  
-24.67460907  
-1.955028534  
32.78799683  
-29.72638187  
-4.274290706  
-9.007502829  
18.03087114  
-0.04197075244  
-14.81793941  
-35.41967295  
0.9989270825  
-7.640305047  
-6.11255171  
-2.352462464  
-3.347054709  
-11.70367317  
-19.03483197  
18.54856184  
45.28859273  
-14.98345582  
3.214858982  
-16.95400148  
