2.78898575  
-9.424730422  
11.88892771  
-21.28069545  
28.15852707  
-46.838976  
-25.72382777  
43.45857136  
47.26486127  
30.55574394  
-7.642953729  
-24.53214077  
-27.2218954  
-14.69711877  
-91.67476661  
-16.11948837  
9.871864773  
2.888554014  
-12.98106795  
13.98039383  
12.28217314  
41.06685678  
-12.08483308  
10.1782997  
16.02906475  
-3.365874946  
-13.67328509  
-5.437159666  
-11.75954696  
-28.55049916  
-5.945907208  
-54.69463351  
-60.60684783  
15.93304836  
-50.61065953  
7.60880861  
-13.26929144  
-10.72924613  
-10.09619613  
8.749822858  
-35.93815896  
-11.8612331  
-6.37099144  
-7.544869822  
0.7569449616  
-41.43691415  
22.34212357  
1.526800337  
-22.2645596  
-23.90622014  
-8.325730461  
