-14.47678982  
5.382816944  
-0.9469084246  
-32.15475763  
16.32017935  
-31.21879598  
-48.24085328  
16.8302861  
-21.88431116  
64.08711276  
36.90642505  
3.869126084  
21.12263426  
-20.49776293  
-19.73349695  
22.446781  
21.89635267  
-19.02499585  
-29.29327943  
0.3987508848  
2.169498944  
48.33428885  
-16.25298638  
16.79617412  
-2.59399852  
-1.495632272  
-39.23766532  
2.438069401  
-31.17367573  
11.73165533  
-36.25690714  
-4.212472707  
-24.0624156  
-7.187626448  
-19.36539978  
-11.75166851  
-5.390388524  
-33.90840971  
-16.46534239  
4.020859969  
-3.976473479  
-48.48879314  
8.638644245  
4.708235297  
-9.82948558  
-5.499880362  
28.6739978  
9.575980821  
-17.33751116  
33.90193316  
-12.30913688  
