116.0224254  
-25.76234882  
-51.57775202  
144.4620064  
9.10241243  
-34.00492922  
-156.8525828  
-44.15013753  
9.249846709  
-74.71383765  
25.70147833  
-28.57216858  
-5.46062528  
-23.88656427  
-96.96274894  
-91.41972872  
-40.8211539  
60.54228381  
9.563909053  
-24.20574918  
-12.58925154  
113.3656399  
-70.34035277  
137.2209414  
-39.44248587  
13.99552226  
6.468379201  
-91.6750605  
-77.40623084  
44.37307869  
-13.72574695  
49.55255249  
-62.76353117  
89.69784076  
-80.82370576  
-83.570512  
-29.70585738  
-40.21838378  
153.2629478  
18.74365445  
-21.23973787  
22.47466457  
20.44444461  
-60.29546823  
-54.71558145  
85.38864183  
-74.09879819  
22.60999388  
10.91544597  
108.8287986  
53.03790987  
