11.07380646  
1.489027369  
1.122827399  
11.49462551  
-22.95330576  
-1.490468775  
45.11187795  
7.400432866  
-19.37803585  
-7.378812817  
4.279732505  
-7.798793896  
47.23295695  
8.42763701  
-2.485649247  
-18.58047381  
-16.39679637  
14.40572558  
-8.886900448  
10.04283427  
-7.474926617  
18.11279771  
-7.385068337  
-44.29586479  
6.891478708  
21.82884461  
-16.69437954  
-6.4567646  
2.534267336  
-13.78182721  
-8.344300914  
-1.352866115  
-1.873441661  
-14.12093545  
15.29573237  
23.87183292  
4.698306202  
19.96646633  
-0.8329090807  
1.563468823  
0.7906315496  
-3.230167177  
-11.825315  
-17.22003088  
16.77787527  
1.881128629  
11.73063892  
18.85474469  
-32.88764345  
19.85914718  
1.859904271  
