8.515468001  
-33.90470074  
-70.15267537  
26.88667026  
-69.9020099  
-59.37634525  
-114.5157105  
-143.9536731  
-51.79575993  
49.38260975  
8.777286883  
21.92729414  
70.10958484  
29.93742099  
62.44070139  
-145.2272443  
-3.730358054  
25.45966942  
-30.72134236  
182.1380706  
8.795641343  
-61.26583929  
-33.13200154  
30.56143711  
-31.21297334  
21.37168142  
25.08713843  
-20.51176448  
245.9017258  
9.521555839  
-4.640159174  
11.24949194  
65.24175069  
41.30818906  
33.09460973  
17.97885741  
-70.50394842  
-11.04941312  
195.9801  
-28.74861754  
-1.686576742  
-49.51206866  
-2.961907276  
-55.34805654  
46.59523796  
37.79836829  
32.73507013  
-134.0720587  
-9.728991709  
54.75154139  
-23.34755548  
