-9.80749797  
35.48992104  
-13.83495301  
24.30558034  
9.388270386  
-1.829366994  
29.49010236  
-3.75734963  
-18.38235062  
-6.848954684  
1.643640435  
15.72238425  
-2.110091384  
-1.060066859  
3.15162813  
20.00040712  
-2.433530282  
2.322273984  
-4.54933058  
4.280707895  
-1.744462189  
5.812505987  
-16.88439953  
-13.99718961  
-13.71665079  
-6.763252572  
-28.73618579  
-13.48313334  
-9.677252284  
-39.83542761  
7.807450785  
-9.414468671  
2.884996406  
-3.109518408  
14.82724484  
4.061503576  
23.63672223  
2.852086577  
6.395282187  
3.440152576  
-6.075588329  
-9.351269103  
5.166060757  
-4.538239523  
3.223532177  
9.297441811  
5.506131998  
13.2019003  
-9.823602604  
17.79302811  
-16.32002657  
