-28.53570146  
-22.13777637  
-11.8276267  
17.00082159  
42.42803351  
2.350807047  
54.16719121  
-46.27935382  
-17.10413863  
16.6819551  
23.27040328  
39.46195222  
3.3766131  
7.252328184  
-38.21398303  
-47.70608956  
-5.550044255  
18.76007665  
23.67303696  
-23.55151066  
-14.23913901  
34.21252716  
2.297333088  
0.4648974321  
-7.005529644  
20.57230194  
20.04482486  
30.877461  
3.025982064  
-8.348973029  
-2.552381455  
-6.789457961  
21.87763911  
-73.92744579  
-36.0409316  
1.040551908  
25.33142787  
10.75869117  
59.4202978  
-14.57119917  
23.47433712  
31.05687344  
19.06320841  
6.667855231  
33.25774638  
55.61739398  
-5.9959826  
41.26920924  
4.519304761  
-45.2599758  
13.2606775  
