16.54802823  
-48.52008208  
-2.580369999  
1.092345988  
-40.75602142  
28.01285143  
47.1044068  
-30.437644  
1.224584074  
20.47906697  
-41.46361724  
2.432890333  
-60.03066205  
-20.15303429  
-12.73429427  
71.03115346  
-19.67611681  
-5.569731334  
7.366264789  
-14.41241738  
8.902579039  
-25.40173638  
-1.111234253  
-4.965440032  
0.1657885448  
-15.36736965  
-45.9671581  
-6.962920562  
24.81137987  
-9.400132645  
43.27224865  
-13.92283356  
-25.35226694  
23.92096459  
-37.1786273  
13.67020878  
16.85382704  
-15.09464387  
-1.857150897  
2.365008021  
-11.9464526  
11.84304374  
8.527668128  
33.82325092  
-24.69877916  
-12.29528983  
-19.22413971  
-25.30425536  
-36.01974369  
-5.951002706  
-19.7613437  
