-27.19301399  
-3.281506382  
8.903998489  
-19.56165997  
-48.0433246  
19.20632678  
15.97015666  
-49.7959158  
53.64040094  
-20.30856283  
45.28998599  
18.74712433  
41.18180877  
20.9852732  
65.18856285  
-35.70785894  
6.054325383  
0.2421696284  
4.219864447  
-2.153730688  
-0.6642881663  
9.009997975  
21.30697557  
3.630048057  
26.71895604  
49.62173503  
6.938559444  
13.03361667  
52.2847185  
33.76876078  
-16.98346926  
-28.42645073  
-26.81098702  
-4.599287545  
-19.68544856  
0.4084423328  
-9.159953978  
27.43168595  
13.78158438  
-2.046538191  
-21.7234449  
-8.336675755  
6.126640813  
17.98606511  
32.23923124  
-0.2567952871  
-31.70194137  
-8.196653863  
20.96842642  
-26.83334984  
20.13645841  
