-27.53124993  
-10.04300831  
26.29078379  
2.529899418  
-10.28349143  
-0.4036286608  
7.652568306  
16.23938723  
-26.09833722  
-17.61277237  
-35.16384634  
4.996075245  
41.14812377  
-14.15697971  
2.551973913  
-79.13196737  
-20.71903571  
9.108451897  
-18.07921664  
4.967451739  
17.97916022  
13.26553014  
-3.2891398  
0.184896824  
-3.22850185  
18.67091885  
-7.119243914  
7.813761386  
13.25856591  
21.8891465  
-39.3764525  
-3.55971426  
-9.996581613  
16.60299853  
8.335105065  
9.995268361  
-5.546358038  
16.59217598  
-22.24470426  
2.184990361  
-8.804938127  
8.588448185  
-13.62515952  
-17.39584404  
31.0388116  
-14.70610619  
-42.20710615  
25.36872597  
8.236217414  
3.912451974  
8.368585853  
