-6.664803632  
-5.556668548  
-0.5056881348  
-22.12132936  
5.292496077  
-13.5617485  
-2.79450957  
9.699715519  
-3.758366706  
15.70098105  
-27.59133387  
54.00022349  
35.72891712  
-10.43845093  
20.3660826  
-1.429645495  
7.395130543  
2.848061252  
-19.81609666  
6.334261719  
-7.78832481  
3.081984939  
-10.72680227  
-25.23662439  
-48.36921253  
-27.28077894  
-24.93376359  
-1.993115637  
-25.97264084  
16.5095163  
18.37177906  
65.0708038  
11.46180689  
-51.80236703  
4.66508694  
2.833201098  
26.63881944  
-6.479690218  
-14.88732789  
4.857559117  
-10.23843223  
14.65233878  
0.4587036033  
1.112559752  
12.35571734  
65.76697489  
-16.62301119  
14.59752604  
44.21060803  
-37.55242136  
-74.4772844  
