-85.16738048  
20.58012181  
-15.8604957  
-2.544060897  
2.281095956  
8.785252274  
0.9524204189  
16.19857534  
11.94703083  
-15.78113309  
6.405795908  
28.55455351  
-8.281423877  
-7.014340393  
-35.20403883  
-17.40982468  
2.740439272  
17.28127194  
-8.959776654  
-82.26802586  
0.6193650455  
12.5178639  
-27.82705615  
13.28235255  
-1.134607973  
15.40450863  
-13.6181224  
-3.419143446  
-1.76003139  
-17.85764761  
-9.964419174  
28.74920728  
14.50076366  
-57.39534273  
-11.37879228  
-57.0740518  
12.13406747  
1.695071716  
-11.06962255  
-1.856168096  
-6.979189187  
-3.412439543  
12.46632527  
4.456533421  
22.25181162  
18.74001511  
7.517607797  
15.98816409  
22.73390304  
24.51220294  
-5.672032438  
