12.00302087  
-0.05472710215  
-21.71721612  
33.98047089  
-27.38293524  
26.13999545  
15.44292665  
-4.538513948  
-66.2172845  
1.826099371  
4.375674034  
22.60681784  
-2.469246223  
23.76250704  
8.777029835  
60.24599029  
-16.3846836  
-9.10639506  
-0.07281785176  
17.52967443  
-11.63804335  
14.65615632  
6.297228887  
-1.595242846  
-21.28657723  
-29.3370977  
-53.27787531  
-4.540044617  
-26.58163707  
27.44708735  
12.90883723  
80.82229177  
30.09709797  
-24.07785783  
40.60597028  
10.83231729  
12.18445098  
-1.494030774  
-21.94570804  
-7.149078003  
24.44274744  
3.459131307  
2.313180249  
26.12606042  
-13.38228566  
22.2950006  
-3.746030668  
46.1917049  
8.774637185  
25.93704628  
-19.694224  
