13.58532319  
3.095867219  
6.360215421  
44.73273045  
31.77567771  
-13.24606226  
54.80724614  
-11.7176483  
-43.91025167  
-8.101467394  
-16.03499098  
-8.712996902  
31.70005724  
-27.42749972  
-38.22746652  
13.0250551  
-28.5319785  
-10.69839437  
-15.04647063  
24.0058032  
-0.9874956125  
12.89144986  
1.05658364  
-13.3952877  
-0.9444112262  
4.875971972  
-17.75597628  
24.72234853  
4.578382597  
3.288432917  
1.748345729  
-7.199836361  
-0.2862468485  
13.00659601  
10.21081276  
-11.64299053  
21.00584614  
5.631088533  
6.732782506  
-24.07983538  
-14.39870919  
-5.138083044  
-26.20973784  
-8.433864443  
18.67066697  
30.01748174  
14.14955945  
6.026933725  
-4.423681596  
20.65414476  
6.895689936  
