-9.67158943  
-17.89304601  
14.3566566  
28.6855406  
19.76716241  
-12.75909741  
-8.576399164  
-7.352362534  
0.2293928142  
7.552735349  
-4.516212776  
-16.29909839  
-10.61021455  
6.114018496  
-56.52461288  
-16.89243371  
-30.52842018  
-5.430755944  
-11.57875273  
8.134660358  
1.36616476  
10.61833259  
9.727957851  
5.191737995  
0.9966761696  
0.5426548498  
-32.10175055  
-8.703660936  
-13.73468404  
-14.01185707  
-14.5816099  
8.078046371  
2.858857705  
5.897935148  
-2.575994912  
10.49771534  
7.364440271  
4.142202947  
-14.68207435  
2.448019143  
-4.800805052  
0.2811033623  
-16.96009375  
-9.310881845  
7.459707571  
14.19411327  
26.20319486  
-9.741558957  
-22.99452678  
48.57440662  
14.6112575  
