-36.13458356  
-0.4901304791  
16.48249431  
-23.61272965  
31.14343558  
-6.979284222  
29.55569096  
10.94354055  
5.98432856  
-28.6177687  
-113.6534702  
6.35033491  
-8.725354171  
-28.15698119  
37.52817322  
-39.24498665  
18.87139771  
-5.953768101  
-15.99385031  
72.38149505  
8.611878938  
19.02740626  
7.80397105  
-1.315864371  
-30.92381512  
-18.85312152  
99.1234909  
23.21505769  
9.016004675  
-8.028020786  
16.74537287  
-25.42620371  
28.99275318  
-56.57355529  
-24.60749378  
-64.98566569  
26.8071123  
2.032413561  
-2.782525132  
-61.29340088  
38.09920266  
13.97044176  
-33.42953699  
45.93991193  
23.954418  
32.28476398  
20.09394601  
58.98880816  
45.97647333  
-48.38624709  
-30.52914495  
