-25.72618255  
38.42199613  
18.74955134  
34.86851755  
-7.632420766  
-3.063545868  
45.09528426  
-25.93051437  
-14.03626248  
-2.773270181  
-50.9067709  
23.26430451  
-34.11108249  
-0.6001702846  
-18.44202354  
45.51694748  
3.921640898  
-5.008651028  
2.681520466  
11.53963367  
-11.97275224  
37.1933809  
-16.9391846  
1.600858953  
-20.49947864  
-12.14777393  
1.875312359  
2.382470092  
-6.945804288  
-17.20418852  
11.5227447  
1.932147924  
9.26933824  
5.537455878  
19.82726991  
-4.414364776  
13.99516787  
-7.88046964  
37.558867  
-7.766226666  
3.129990386  
-18.87651768  
16.67868186  
17.27319546  
20.70099665  
29.17399031  
2.277806837  
-1.600649134  
17.84055756  
-18.26834149  
-24.69330006  
