-0.9999017118  
-0.2302165783  
-20.95929676  
-2.714255606  
-9.847849656  
8.417118977  
31.77814018  
3.157944082  
-6.767664905  
10.34559296  
6.741602138  
8.507968311  
-85.71924686  
-35.47084744  
-11.13819828  
-22.22117829  
2.003655705  
-13.22508264  
-3.722132598  
-26.66898552  
16.66910396  
20.49975628  
-15.97502849  
-12.26530344  
-1.32470595  
-27.61586855  
-46.31238335  
16.22552891  
32.8529763  
-1.968010037  
-44.1241718  
-1.079362052  
0.5092629682  
-2.874338275  
-3.950295396  
-0.5578356914  
21.47693306  
-10.42508255  
-1.441933158  
25.58876077  
14.66130321  
-4.410896746  
9.707856624  
-12.87472011  
13.79346506  
10.14558291  
3.322543139  
12.41005285  
16.31527994  
18.74846964  
-21.3130769  
