-38.90632314  
7.363076824  
-0.8407658361  
-16.37536076  
13.72833606  
14.56083222  
-31.18008538  
-9.18316917  
-26.47593174  
-0.1152239424  
-30.85793752  
39.37789275  
7.899592133  
-10.56012751  
12.66459509  
31.8374439  
10.2440293  
15.74425182  
-19.16363176  
-45.25592284  
5.827409969  
38.30416429  
-18.01187001  
8.902458162  
4.93290135  
-43.22149349  
-30.20500228  
1.795846417  
-15.35792435  
-31.83780046  
-23.70343471  
-19.00842976  
-10.99440354  
-9.402609554  
-20.43902196  
-12.26894072  
-0.6300961475  
8.999923909  
-14.07157476  
33.37618689  
5.581391661  
-11.27667982  
-1.458193536  
-9.206495119  
13.13131567  
14.68139933  
3.147138204  
-4.970272843  
7.65793921  
43.636323  
1.418762846  
