-19.89892308  
6.74939901  
27.0018302  
36.77963932  
19.3005664  
-21.39700065  
-60.52840592  
5.499509605  
-32.60093881  
21.89682537  
4.900959408  
23.09349506  
-11.79280291  
-27.03217477  
-20.81884853  
-4.203295691  
-12.77575653  
-4.240530475  
-26.84280801  
-21.3008869  
-4.73651928  
3.172267278  
9.547768621  
-17.29868628  
10.28919789  
-14.54545832  
17.29715983  
6.524826707  
23.67905031  
-11.28816259  
-23.90933535  
-4.504232361  
10.25940313  
16.54323405  
-8.726197656  
-6.929107213  
8.379595397  
-19.5720016  
-22.45880396  
13.56611713  
-23.50171298  
4.216488773  
-2.911995079  
-5.690597131  
-41.60542041  
-25.41258015  
13.94726648  
24.0776612  
23.82014666  
-3.357151721  
0.1285437266  
