13.79801862  
-32.97471839  
0.5269942789  
8.674385302  
28.18170788  
8.727470238  
25.08575188  
-60.46110023  
-49.42945683  
24.42738142  
-15.92691749  
59.02494829  
18.39043523  
13.6211793  
6.138099244  
2.287541057  
2.817986514  
18.69923095  
13.17862029  
20.15788328  
-7.388437773  
64.4306834  
15.32765866  
6.110810316  
2.234072902  
-16.75048412  
5.04634018  
39.33296113  
-9.396783341  
-24.5343086  
-17.20817549  
-51.27653529  
10.1059153  
-26.476797  
-46.68201622  
31.21258962  
18.11728676  
-1.676677441  
53.24987874  
26.54099144  
36.74915585  
17.17778564  
3.28355329  
-2.956091646  
24.18421063  
46.54603107  
-12.21449974  
33.89577078  
-20.40855423  
-21.22182686  
16.99647986  
