-6.409421721  
1.667440778  
30.0361402  
20.29325352  
-32.15945338  
-8.528667736  
60.19657278  
-18.23332265  
-10.51544054  
-2.973193092  
-48.48877339  
6.153777631  
17.16294942  
5.877141227  
-26.08194289  
14.13499012  
-10.77152433  
14.65035979  
-1.972376643  
18.87086154  
-15.37692105  
48.50016836  
-7.375928048  
-33.2651108  
1.305453214  
15.33388584  
15.06735236  
9.025698045  
6.647851562  
4.812979439  
-8.109339617  
12.09073456  
3.732298075  
-7.919459751  
22.3398026  
19.89542766  
-0.2436399149  
10.97006983  
20.79104619  
-11.21860627  
10.96019296  
-8.097449114  
-1.736907268  
-10.82549837  
34.19382177  
22.64892013  
3.518643171  
-0.0809950908  
2.680368437  
-21.76997268  
-3.890580746  
