-26.91127054  
-10.57525237  
-16.18379951  
-41.82606215  
-64.33190858  
16.43568991  
36.9555118  
13.09292853  
1.279710529  
-16.41415974  
39.7190811  
-6.638641224  
-23.68297744  
23.44515275  
-17.61560452  
-18.19205646  
-13.39494173  
27.35948391  
9.494481136  
8.204755224  
-2.753703459  
44.69124819  
-19.62525056  
-17.39637896  
17.4904079  
67.77761226  
26.90780632  
9.440285151  
52.47665571  
28.22274127  
-42.52889739  
-24.20708173  
-30.78327214  
35.58672739  
2.369326115  
-19.67701108  
12.26257504  
-3.360601369  
7.595264663  
-1.482582595  
-18.31792173  
-28.03777  
-0.02091395855  
19.53779461  
37.3654373  
-60.52962756  
12.54423509  
7.888597822  
-35.12651941  
10.97211317  
76.86420654  
