5.404716623  
-63.45975659  
-9.854860055  
155.5615511  
-26.89045674  
-143.2058583  
-64.64382404  
-202.4882796  
-44.76842651  
-110.976122  
23.87837589  
-83.26758386  
7.380099231  
-10.48166979  
-71.90171395  
-53.76051702  
-51.54402851  
-1.486132844  
36.99216436  
91.95079119  
12.88098096  
-125.1779679  
0.06436802601  
23.16757715  
-7.630100357  
6.633245855  
3.844349242  
30.15536755  
-45.50389248  
-53.3808036  
3.850035051  
-98.77083197  
-1.386675078  
-7.031130667  
-12.26026787  
2.407883638  
-22.50703045  
-6.295401267  
86.98546347  
-15.85818412  
26.26778728  
-43.96855689  
17.78681001  
-130.4439294  
24.77076335  
47.694872  
22.05203807  
-57.93685119  
5.597004368  
80.81221183  
34.81430884  
