-13.58725162  
28.98017563  
16.56169358  
-12.8067176  
-15.15952056  
7.506032517  
-70.48805029  
18.60040744  
12.53109962  
-16.28327951  
-23.20198983  
11.33686064  
15.46592977  
-2.838657954  
34.64920003  
11.02454253  
5.770724404  
4.025497263  
-22.48076926  
-34.14799884  
-12.92021195  
-17.86443792  
-0.9519482707  
13.60980995  
-8.077996494  
-33.35034862  
-54.75938945  
-34.40778005  
-3.016621018  
-21.11475012  
-5.363547471  
34.49906755  
-5.918217665  
37.54970033  
-0.5269603458  
30.1164232  
-11.50422937  
4.117259421  
-36.22657431  
25.23131842  
0.2241581426  
-22.79427737  
-13.71375407  
-29.50509485  
4.014093695  
-31.57042105  
0.6481230082  
5.669382641  
5.241179022  
36.75963184  
0.6398019177  
