8.901993833  
24.6256642  
-52.68225117  
-17.98296567  
39.34570104  
-6.349651135  
-5.312227664  
-6.262579014  
4.108469265  
4.593894502  
49.67483775  
9.867677943  
-3.660803652  
-25.79088089  
-17.038856  
-15.6722264  
33.10405957  
-14.27915191  
7.448245523  
-0.6218044649  
6.551302796  
59.28307079  
-10.87538117  
-13.86886809  
-9.503129253  
-34.84287199  
13.70430193  
26.30322013  
7.48446138  
-8.544786811  
-32.78102087  
10.17942976  
0.9257064851  
-4.523039461  
-15.49697696  
-12.53827377  
12.35011866  
1.378299182  
-17.90758218  
-3.524810005  
13.02922881  
-22.7966865  
-0.3100265319  
-17.97538432  
5.402424556  
15.69946293  
11.01703498  
9.978211846  
27.01173146  
27.20638704  
-12.66493492  
