-48.13389788  
-11.71739024  
-4.917305408  
10.61114152  
27.52858145  
-2.096967294  
58.45319701  
10.53126073  
-38.54157417  
9.589632005  
-52.91600173  
42.17977156  
15.85208429  
13.29368295  
22.19566954  
28.19647023  
21.81590558  
8.113072202  
12.09115546  
-17.25456455  
37.29706246  
-5.042689995  
2.987881585  
13.040393  
6.859070478  
0.8890801896  
16.81885311  
52.40224808  
-23.55473013  
-31.41165335  
-1.165054925  
-61.28310856  
-7.702742721  
-51.70420706  
-24.27532156  
-29.80868384  
25.97219709  
3.166761846  
-10.14122018  
-5.342457562  
1.539507331  
-1.807333403  
1.640310471  
66.89464796  
18.77423105  
10.48726035  
-11.54393893  
43.13686602  
-5.328502491  
-22.89025211  
15.1040536  
