-0.1505581469  
-29.70413225  
-0.3685054121  
16.9566857  
36.7908274  
-8.290336126  
0.848936825  
-1.740648005  
-17.48416338  
28.33614474  
-12.19879402  
-22.08158239  
29.93086861  
-17.75119793  
-24.37400421  
12.31785996  
-33.71987853  
-5.872503725  
-0.240897452  
27.42716189  
-5.255085661  
2.080580124  
-1.978034898  
-17.50746219  
6.90602215  
-12.23991794  
-48.82427248  
19.07862285  
-26.81314938  
14.39672216  
-15.15154448  
14.98959972  
-5.650767168  
24.50511632  
11.61791915  
12.59574092  
7.009286587  
9.215620933  
-9.710082334  
21.2737429  
-3.176512263  
6.830395289  
-21.29637433  
3.050889747  
-5.861879784  
12.64178315  
6.621341751  
10.33769321  
-15.17644627  
34.4862987  
8.692667202  
