-15.84214532  
-16.98939115  
-1.147933551  
21.17543057  
21.59902453  
-12.08671765  
38.33047101  
-9.598972723  
-32.07200583  
34.00759051  
-18.31204195  
-8.931669359  
30.12245275  
14.24455104  
-40.10691335  
13.61110079  
-38.74618881  
-19.75642162  
-11.25241441  
1.665047156  
-16.25320555  
-17.75321501  
14.42539447  
-1.633006661  
3.003523968  
-17.00397994  
-21.27983298  
33.10542495  
-19.39892557  
-29.37606565  
5.172097787  
6.151438343  
11.16304384  
17.47873084  
9.845103901  
30.30658248  
4.164758945  
2.595387828  
-7.399816834  
-26.26519271  
-11.84767317  
3.219951144  
-21.60129589  
-13.71789605  
2.818407551  
-4.444980773  
15.59052254  
15.40919537  
-5.496903865  
17.94481032  
-8.646634303  
