36.05790006  
17.19717278  
-14.8003513  
47.61435194  
-23.95930781  
-13.14635059  
-40.35809709  
64.19928769  
-7.271428406  
8.638264708  
-5.119111191  
-27.25294206  
-34.67949126  
-20.11372341  
-7.906373868  
28.56140007  
-37.36820453  
21.60396469  
6.986280741  
-5.682964524  
-38.88737652  
41.3127014  
-9.232452617  
17.89181138  
-38.04116805  
52.83221008  
-35.01266234  
5.665720308  
-35.20093724  
4.498022062  
34.42869886  
-36.35881836  
-9.663997755  
-4.230348825  
4.198838372  
-12.36571754  
13.00289921  
-6.948144619  
-24.72276173  
26.24692761  
-21.44832758  
8.598832516  
2.814341553  
51.95438511  
-15.03543508  
-36.5979274  
-23.9230625  
13.48504784  
-10.12700501  
-5.444285508  
-37.9383677  
