-36.20373117  
34.02048647  
-7.945120277  
-12.42984133  
-3.810140422  
-16.97719476  
-23.08692006  
-8.855557463  
17.64532582  
-12.61596931  
43.06630569  
26.94834967  
5.481040835  
-27.08508905  
-24.24128895  
-2.066870971  
-14.74676522  
23.77961702  
-10.25429607  
-60.40265592  
-11.29456695  
66.39938424  
-17.33640735  
29.48964921  
3.431386852  
-47.6387005  
-23.39014254  
-12.97999255  
6.678392256  
-57.74610202  
-2.90305861  
12.17114687  
2.456562382  
-67.73545652  
-26.03494648  
-36.14852105  
-2.534316914  
18.21406125  
2.402707756  
18.995738  
13.17495787  
-9.773076018  
11.89029555  
-17.91285648  
24.36190345  
28.35473274  
10.06650225  
10.7032892  
29.26745219  
40.21729801  
-39.46586524  
