16.64986384  
-23.29257895  
-22.84616609  
94.57561546  
-28.22305177  
-3.483069083  
33.27844229  
-5.14584025  
-13.07407662  
-53.84340342  
-10.76066857  
10.09095326  
-90.44666323  
-6.359308609  
-11.56168295  
43.05586158  
-44.17332639  
-0.3303255465  
18.60744344  
5.084998452  
11.38236447  
27.45577682  
14.57987935  
-5.716941194  
-0.8050902178  
-35.971371  
-35.24767985  
-12.60135991  
17.87314637  
4.26893924  
26.73641216  
70.33419584  
38.23039787  
-32.716027  
42.18260458  
17.52079735  
16.90968307  
15.38772645  
-15.20171601  
-6.250727715  
-5.18485538  
59.84393981  
-2.391740112  
32.36658382  
-8.108033857  
27.92673683  
-23.65130372  
46.54984147  
30.25645033  
-43.43532224  
-34.94416536  
