17.53653624  
13.04244243  
10.80181597  
156.0600358  
-5.395999596  
-33.35704195  
-24.12283404  
78.60532808  
-45.41610915  
-97.14660866  
-4.63957202  
162.8238136  
13.83953091  
-27.23071814  
-12.34201694  
15.30593746  
-61.24600541  
14.54429549  
13.98879221  
-15.45505036  
-15.97800722  
164.4334  
11.60506849  
89.70970706  
38.69431697  
-19.7086933  
74.35838528  
-47.42594935  
122.4673412  
-10.58097948  
67.08889113  
31.77281381  
24.6347987  
24.13501414  
22.33337353  
44.39792733  
12.63937579  
-26.57316311  
24.58026835  
5.61345629  
-8.783784205  
-33.18792448  
40.40783321  
-45.4320258  
-52.78097535  
127.8309744  
-26.69279962  
37.87125839  
33.2598742  
-70.53603019  
-39.43411937  
