5.344624266  
-38.14766971  
0.2147294897  
12.22443513  
19.96862505  
16.59900266  
-5.287592672  
-47.29944607  
-14.81165588  
19.90570018  
8.947870505  
-12.42110551  
-2.880184766  
8.301329705  
-22.33636231  
-53.56316663  
-2.079688573  
2.46764669  
2.631965562  
16.72827722  
-39.71289895  
23.32606206  
-7.177044831  
-30.3014472  
-14.32016927  
28.36384264  
5.557641481  
-1.56478194  
6.996229909  
51.68002121  
-22.21143004  
39.09581746  
22.82837472  
33.42389329  
-11.82751384  
49.00344587  
11.71524366  
-5.317980849  
32.30748099  
-13.92431058  
10.65612417  
17.42093473  
-2.257193564  
-33.59852001  
10.29021019  
22.89046141  
-4.224442625  
-5.870665319  
-9.43944072  
-18.74205945  
35.29459198  
