-30.10860044  
18.12421153  
-11.54183915  
8.300172488  
18.27347178  
-17.74486272  
48.98780394  
5.864439068  
19.95437045  
-2.580811636  
14.63796189  
38.24533066  
8.125431488  
-5.31177111  
-15.01511336  
3.753021869  
-3.492840355  
13.67017917  
22.86553747  
-37.1700602  
21.8173385  
16.28380439  
6.26729227  
32.85254355  
7.115740009  
-9.717483651  
12.11883875  
33.25932449  
-1.439748952  
-47.75800441  
23.19464799  
-44.29082278  
0.5755438886  
-107.8589546  
-23.22263567  
-68.31758187  
10.21287461  
13.10324827  
13.43907288  
-12.3864993  
6.52847026  
7.005254778  
22.26675624  
57.75074892  
28.36919685  
32.78166656  
-0.948589865  
42.27947471  
-0.2095442189  
-25.32892702  
-23.14062771  
