-26.87071575  
-21.72409596  
15.56471143  
29.07606083  
-40.99871597  
-15.22893136  
38.22904017  
-27.79030702  
-14.66805223  
-26.73632483  
-50.82274171  
23.08308721  
33.03818598  
34.4963928  
6.919769851  
18.38449455  
7.052502118  
35.94067072  
6.320698141  
29.34023019  
-7.819875674  
55.33240954  
-10.33051623  
-17.59740072  
-14.88854123  
-8.947600126  
35.3596581  
10.93316094  
13.08550537  
-5.652011334  
-33.10625267  
-27.07112585  
5.385127511  
30.04428613  
9.61867307  
-2.033489895  
-0.1047231451  
3.624921934  
31.9151967  
26.57369972  
16.27417345  
4.625033132  
-9.312561103  
-17.49989594  
19.55991793  
27.65262902  
-1.910875769  
4.477561232  
-11.19627847  
13.13602553  
-4.930766915  
