57.78338465  
-35.28342297  
-41.96405899  
-23.96847756  
-33.73039789  
26.64370643  
-122.3538634  
101.8804136  
82.59327566  
-193.977226  
-26.43788724  
-38.75843146  
39.88795869  
-23.81714487  
-37.61786298  
-117.8557695  
-78.75234238  
32.22730314  
1.547112441  
-49.95944778  
-51.47738936  
76.36182623  
-10.74664874  
69.89518419  
3.793260384  
4.762248839  
27.50747293  
-56.8069756  
71.02002485  
22.80286985  
-33.5473667  
-1.441897696  
81.3264986  
5.612986506  
-14.65624636  
4.940883022  
-50.50970713  
28.15269666  
-87.07169352  
-3.037635958  
2.33058979  
15.02668777  
-13.01504396  
-40.26673645  
-98.45798673  
-20.14516455  
23.75865993  
5.39384612  
-86.65677039  
89.44497801  
42.6226434  
