5.923961447  
3.266920999  
2.994466121  
42.99591647  
36.45223132  
22.32727534  
-28.04059226  
27.52087322  
-13.42006635  
8.392773597  
29.87271184  
-1.92806165  
42.29130249  
2.174898689  
-24.27920264  
18.09856243  
-30.84716942  
-1.586744035  
-17.04214648  
-48.14783378  
-25.91902966  
10.45964456  
-1.246760376  
4.002716526  
3.249121153  
25.42593579  
-68.34621705  
-7.134733041  
7.184987273  
-44.53445775  
-5.186005438  
-26.37984371  
-46.61349132  
24.14909864  
4.116938632  
4.498796265  
2.084134483  
3.596270702  
-31.38289513  
28.2616559  
-25.68906438  
-14.45657279  
21.75789334  
-28.30632554  
-23.02602873  
-6.920873315  
-30.10435889  
1.172291574  
-39.5951946  
57.54038095  
-15.00094744  
