-10.07403787  
28.52412324  
34.40768606  
15.79104288  
66.39150598  
7.19154695  
-1.556704342  
23.16127955  
-13.37451887  
-10.99050165  
-7.553539933  
31.35228952  
57.52385234  
-13.1701357  
-6.105311025  
-18.18480909  
-19.43777449  
-6.603198954  
-27.32924509  
-38.59504933  
-16.72320375  
46.23620342  
11.13715055  
29.05321701  
-31.04148695  
-9.925125395  
-16.37587952  
-18.19408069  
30.72845889  
-27.78698242  
5.678973487  
-30.56814612  
12.67431774  
-11.92562861  
-4.710390117  
-66.89616606  
17.05570909  
17.42853445  
-9.709750071  
6.849510968  
16.93655495  
-2.006991766  
-7.537036137  
-20.18745998  
1.192563174  
32.18232499  
-11.77644323  
46.70155634  
-6.462506745  
-4.187013133  
-37.99343665  
