18.16574157  
-18.58524576  
-14.0575188  
-16.30288687  
12.39276602  
18.03556601  
13.5929249  
-30.72813018  
16.51163564  
14.20252299  
7.927993888  
10.7171787  
24.4476222  
-15.12956775  
-20.89668288  
84.36106721  
6.076577933  
-3.05373127  
19.51210419  
10.66609453  
-0.6896721084  
6.550316934  
2.777827795  
-4.400476059  
-7.769860917  
-25.84398926  
-0.9527077987  
1.304927758  
-3.041788499  
-24.34789228  
53.60629539  
-10.53155379  
-20.98078037  
19.21073068  
-44.7196711  
1.804743983  
5.764462337  
-4.015116753  
-7.702011261  
-6.670131078  
-8.530402805  
-8.181183437  
-1.793478009  
21.48883851  
-33.57209259  
10.1196052  
-8.305547119  
-29.19227493  
-39.50100249  
-2.581473533  
-10.0812993  
