5.709441437  
12.36416205  
0.05603769223  
-5.015570422  
11.43988032  
-1.620724112  
6.223504929  
-20.16703918  
-37.49663054  
5.791619396  
-0.9793975624  
51.14791478  
35.69404087  
-8.511795731  
33.16883024  
33.74471692  
-24.99435535  
-12.6787125  
-19.7833016  
-7.808803569  
-19.9056929  
-11.80938601  
-13.66784467  
21.89432518  
-19.93108204  
-49.35329618  
-25.89154724  
-4.77971203  
-23.37968978  
-28.95171567  
26.13088517  
25.8733675  
-9.797788393  
-10.35066294  
-2.900800003  
44.42483508  
31.15884097  
17.32686663  
-20.4277087  
-10.10305728  
15.34914583  
14.97591943  
-8.993160476  
-57.86197461  
5.56711005  
25.41732637  
-16.33872577  
-8.056176688  
-1.827469929  
-25.21105015  
-57.13347398  
