-24.715629  
-7.989085337  
-10.73459455  
-42.21655718  
-34.434139  
-27.8193601  
45.48981815  
-30.3994224  
-24.02905034  
20.345216  
-15.49760689  
3.132282296  
-12.26285558  
11.05379808  
9.5172832  
-40.19304724  
18.4860274  
14.90668669  
-1.522552344  
77.81273195  
-32.74586204  
24.15455515  
-9.165908648  
14.31896332  
-9.615123043  
-1.375521286  
29.74375961  
7.187797972  
-22.62562071  
43.00570655  
-6.732965847  
-11.82508745  
73.84033593  
15.97607777  
-26.84109958  
-72.1093257  
-0.6506814135  
20.04285713  
66.78325542  
9.921541895  
23.6514078  
19.79486121  
-18.81774636  
14.16764765  
26.52803752  
27.63297558  
7.759593914  
20.25333096  
2.033024739  
-64.38856787  
29.78070833  
