-9.900963366  
36.77066043  
15.76057616  
27.29655467  
6.586862945  
-2.578784949  
-3.792181622  
6.216321073  
0.904642689  
9.01588264  
29.85868071  
1.373608605  
-24.49856348  
-1.636320504  
-8.273606969  
-44.098415  
15.28751214  
-14.10877033  
3.087150136  
-11.68548296  
-4.142231547  
18.02503065  
-7.763785111  
-27.85840508  
8.769547251  
-6.179010135  
-24.45464772  
-0.8890853389  
26.83856567  
-7.317715264  
-51.72990008  
21.46858798  
-5.143650582  
-14.12939852  
23.51008134  
-3.210089034  
13.006083  
-9.685163282  
9.973606863  
11.13124304  
11.72736203  
-3.786061691  
2.54438729  
-23.60199228  
44.50061898  
-21.98964493  
17.06098899  
14.73169952  
25.81544577  
-2.219249801  
3.870092383  
