-45.80672956  
-15.70368833  
49.59634134  
52.29157028  
-10.50732023  
18.69561429  
43.66415654  
-12.29967528  
-26.62836003  
2.365225718  
-72.56891017  
29.07338133  
-18.98021971  
10.649736  
-19.10241134  
29.89225454  
14.15272031  
-1.718869396  
-2.541652628  
-18.46516123  
-0.5564664892  
0.5208524876  
-18.37684642  
34.27195071  
-26.31605815  
-38.52947572  
3.865928162  
-0.2211834987  
4.5172452  
-26.27636234  
-9.508754022  
-9.196629651  
13.17541873  
10.04400476  
-18.79812501  
-24.09882168  
2.825951454  
-0.37261826  
57.38353757  
1.491789573  
-0.7470521977  
10.77368611  
-6.969046444  
37.66251094  
4.573748044  
12.42508662  
9.551973102  
-9.38411442  
24.69587427  
-11.93063388  
-5.018567966  
