-24.47944949  
10.99282094  
17.27095299  
-26.42252429  
-11.39351637  
35.05552004  
15.35021661  
10.40460486  
-49.61413886  
-60.40284961  
31.86302019  
3.844500941  
2.336395646  
-1.633005597  
12.69351869  
28.83005858  
-6.709656946  
-2.785890937  
-38.35607777  
-27.33844914  
-16.48052097  
36.95261854  
-51.94083252  
11.74212236  
2.645487285  
41.88276485  
-17.40973263  
-7.178532092  
25.91050395  
-4.429660249  
-6.254126288  
23.03846978  
17.67786021  
-9.591741375  
12.90082916  
4.542219285  
55.15208364  
18.9102704  
-14.19802257  
-2.868977347  
7.691147248  
-22.83422979  
-1.437220739  
0.3931599922  
13.52207271  
-26.43920116  
28.88507877  
1.267836948  
2.043446059  
-3.853746482  
-30.97582928  
