16.69256166  
-1.091798907  
16.37063168  
108.0704906  
-13.00644988  
1.979815085  
-47.16460996  
70.48207738  
-36.3329459  
26.0831961  
-25.27565035  
23.27585984  
-68.66368574  
-36.3416646  
6.562481485  
34.97489594  
-34.46037576  
-0.04565240095  
14.99714026  
14.84837811  
-45.04334826  
25.65311921  
18.32619599  
15.83863689  
-15.35340282  
1.744591101  
15.41195435  
8.756344085  
0.2460484227  
-23.28774215  
14.18247564  
-48.80770098  
42.89459571  
-3.932734064  
16.13639536  
11.78782546  
28.71756657  
15.6974427  
-13.44456439  
46.0708261  
-37.49082413  
55.41801469  
0.07270000776  
22.20446471  
-61.8959623  
-40.96582164  
-11.69549195  
47.10440125  
28.50951367  
-50.9440221  
-30.69084155  
