-4.537093508  
-29.49087859  
14.21915229  
-19.29940885  
-10.72505397  
13.95071408  
29.21916655  
-20.06423042  
-18.00519183  
3.839521206  
-31.1587053  
23.21750114  
59.25881585  
-29.57605259  
-15.42787321  
3.329886889  
-15.73687243  
13.27497618  
-0.7843123495  
16.81214172  
21.57629951  
16.03998565  
-1.626825688  
-5.269178453  
-8.95230623  
-0.2335876558  
-11.62024609  
8.346470777  
7.357992894  
4.902651807  
3.885951455  
-21.1738128  
-32.14362527  
30.61156761  
-39.05579238  
14.67809633  
1.322508134  
12.665941  
-31.85842481  
-9.703621927  
-15.22076519  
8.191807826  
-13.79954254  
3.981687726  
-8.441596039  
-2.24817088  
-45.64380295  
-6.414219599  
-21.10097083  
2.738151552  
0.1582494473  
