18.94228101  
-36.10630858  
10.84880372  
-10.55366996  
-39.11683873  
1.965579735  
16.35305047  
10.0626593  
-0.0493090219  
1.941143999  
2.321287947  
-23.29472505  
55.10875842  
5.421537961  
-5.514005876  
-36.93189993  
-14.51555004  
14.24255253  
0.2174878857  
5.63702898  
-6.502256546  
11.49056593  
9.126487117  
-19.82510806  
19.7651231  
27.41029943  
14.00085051  
6.945796951  
13.18576068  
26.5090759  
-15.78830903  
10.19922017  
-4.901923768  
-10.66144351  
2.392769423  
17.45628741  
-18.76433214  
18.42530331  
-6.699730359  
-2.444006809  
6.263890232  
5.762993731  
-19.68923551  
-19.88603582  
13.23541944  
-8.502407948  
5.968367933  
6.347054905  
-19.44661754  
-2.601752983  
19.34714736  
