-45.53878528  
22.34504932  
-55.92476182  
57.70267414  
-108.9558165  
21.61994197  
-78.00921466  
-93.36072604  
40.48664487  
-50.08902222  
93.01664487  
-122.0924049  
-27.86156418  
-10.09107339  
-18.80314726  
-164.6876828  
-45.68266068  
84.75141942  
61.68172285  
-181.3947047  
-13.63073929  
-22.5481148  
-66.4414686  
86.50310963  
29.91458337  
54.3961025  
14.03866553  
42.91001892  
46.38942026  
97.48876945  
-51.45375764  
54.49698757  
-65.68950217  
67.70025562  
-18.58204627  
12.2654886  
-16.20062726  
0.795975105  
-182.1734296  
-43.418402  
45.70039021  
-129.7132183  
-31.41343899  
-105.0851543  
-92.6060906  
-21.01470284  
101.9759539  
79.98417381  
-177.0829483  
36.01662579  
127.7865948  
