-40.63498074  
-14.73422775  
-16.85269125  
-66.61717666  
-61.60225897  
9.17116948  
42.75974735  
22.87095133  
-29.91498678  
-0.75216678  
10.06834794  
49.43031394  
12.49163099  
15.47910151  
9.336196031  
-29.08792984  
-4.812600595  
28.26917221  
-9.716205813  
18.20142258  
2.193386155  
40.78723865  
-29.27577289  
-44.48229401  
-30.39244586  
40.38623657  
7.043087542  
7.059828378  
25.85706788  
34.82074674  
-16.36477261  
59.98173557  
-19.52364605  
-17.84830502  
9.217554808  
-9.156494387  
36.38856413  
-12.4910225  
-10.78338128  
-4.315667405  
-27.46657859  
10.71663306  
-0.4611143112  
4.697202408  
33.88041608  
7.788603085  
-9.500374921  
25.98670371  
12.41593536  
-24.22240405  
12.910071  
