-40.53677082  
6.743651545  
4.739982894  
0.6030234803  
20.15205444  
7.356690411  
-15.12361968  
-27.38318024  
6.644089329  
-1.94696563  
-0.2438520121  
46.56631783  
19.11233355  
3.02895542  
-1.371490743  
-49.87952809  
0.4792068874  
16.18216937  
1.599217718  
-55.63718209  
-27.73364905  
15.46300368  
-1.172705526  
12.35069466  
-12.58838945  
-5.199938551  
-33.86907524  
-1.887127676  
0.561266173  
-26.36679256  
-15.37014993  
3.318126902  
14.42319667  
-38.84893297  
-36.6668106  
19.27628201  
12.29771309  
6.511974989  
17.82828126  
-0.5881978883  
24.66897865  
9.767164416  
6.140729687  
-20.252498  
37.32462004  
14.06043164  
-5.142086782  
46.96306359  
7.540662782  
-5.385759224  
12.82364926  
