9.880926685  
41.57805862  
-34.09352096  
-7.831886673  
4.415382144  
-17.93044364  
-7.268799927  
0.2736761517  
-1.166786312  
-12.59989369  
26.10792507  
-1.643080077  
14.05549125  
-4.113013993  
1.859973285  
5.803657542  
-11.22250264  
-1.421475543  
-0.3495690783  
9.089494402  
-1.600475382  
53.53252446  
-13.39536962  
-5.641227348  
6.28617333  
16.43857825  
-13.71868044  
0.07483983429  
-11.12715974  
-16.05246156  
-1.364149542  
-22.07097948  
15.36347052  
-26.75567894  
35.95846657  
-9.785264389  
23.73333197  
2.515986668  
-24.43372573  
18.0318644  
-5.106120633  
-19.86044667  
11.61508843  
-14.87208232  
12.16573754  
20.24890777  
14.57543092  
14.58760431  
-16.10659419  
43.20114833  
-18.50228812  
