47.30661241  
-0.5209777982  
-7.983301475  
-5.425210901  
-22.23055713  
19.56840467  
-8.218595809  
-22.26886818  
8.751222684  
-19.69146053  
1.609746136  
-3.653159382  
-19.76466432  
-23.51951267  
-10.55623545  
-29.17074937  
44.56225514  
32.90325196  
8.241016367  
-33.73193373  
1.055287171  
-6.352866535  
-7.673503382  
-1.945392613  
-1.544752843  
-8.249704941  
-7.23022254  
-14.40270652  
-21.60588966  
39.95010098  
18.96199858  
-14.06750041  
-21.21020512  
26.05524348  
-9.678821249  
-3.690669208  
7.60630355  
7.770524761  
-13.9649898  
26.01756905  
13.34988413  
13.0543151  
16.49884908  
-7.187442274  
-14.80182264  
12.33996073  
-6.781992542  
-12.6729594  
-12.66039585  
8.984308596  
17.70189569  
