5.448912962  
-3.738030016  
-17.8068001  
26.4264047  
-42.32665226  
40.77929644  
-26.01293614  
-44.89996459  
23.62338495  
14.97050123  
-21.06120776  
95.5857564  
63.92722352  
27.8516224  
31.32150746  
-32.14160074  
20.42721177  
-1.64008621  
-14.81025458  
20.40359611  
53.78393998  
13.77151961  
-8.929680899  
-20.82791789  
39.46842581  
5.316513642  
15.88872232  
-21.64075895  
58.9750597  
2.674491767  
-10.06642549  
21.72526577  
-32.9312549  
6.153947113  
-2.785239949  
5.848621621  
-24.34157184  
9.447166582  
19.45316101  
-11.14632695  
-4.626258115  
-17.67667897  
-11.75794092  
-35.37587659  
-11.54476306  
22.67308049  
11.32207408  
13.721174  
8.983900042  
11.84438655  
31.38411697  
