-78.73438534  
-18.52081707  
7.461279829  
-42.14669894  
-72.22671318  
-33.22755017  
-25.96995592  
11.91923285  
-16.17838166  
8.143563163  
2.951720615  
86.15871479  
17.26230674  
34.39125695  
25.9808104  
-7.061703936  
8.73797308  
26.99249629  
15.70612906  
62.77009579  
20.01886893  
29.8169912  
22.8948959  
-63.33477449  
-8.229887061  
8.028298299  
21.05637514  
16.8303952  
9.020849538  
6.986961428  
-33.60780201  
14.67302836  
-10.37279138  
-33.69556872  
-6.291592654  
-3.18062365  
6.06464549  
8.14796887  
-23.15267906  
-7.679744085  
-35.14506739  
37.99498138  
3.621065852  
2.243581349  
46.83471526  
41.66926416  
-31.80669481  
43.29758522  
-19.10021487  
6.210466981  
33.7260463  
