-11.91751315  
-15.60041869  
0.5713810006  
-18.09295968  
-32.40820712  
-5.270996322  
26.13993889  
-9.511761057  
12.72065419  
27.99911038  
42.12849755  
21.2130549  
13.19551436  
20.37884641  
-10.86894152  
21.06602164  
-1.095398138  
-2.030325648  
-19.1109476  
16.15824735  
4.652070616  
60.7707653  
14.25206219  
8.686127921  
21.09532196  
23.77064125  
-51.0361117  
3.714595146  
17.00482467  
7.40132521  
-18.46074446  
6.700969822  
-61.24904402  
-8.125750053  
-28.09145824  
19.97910736  
-11.48542236  
11.27758881  
-26.63077478  
-1.087090336  
-28.00712747  
-14.38786403  
3.12616139  
24.21352639  
17.91886273  
-19.76226804  
-13.51260088  
35.22775005  
9.51289303  
-19.20384542  
-5.650666416  
