-25.56165189  
26.03802537  
11.55291394  
-1.239288077  
77.67049209  
16.60392412  
-16.74107003  
3.582757508  
-53.10234926  
-9.915379968  
52.62564805  
19.04992586  
13.88677794  
-5.356026102  
-27.66532643  
24.23327724  
-26.49526333  
-3.41567488  
-14.07161887  
-65.80286831  
-3.975531969  
59.4862828  
-21.51042694  
33.12005399  
-5.409586685  
2.645467503  
-46.01297453  
-27.19056205  
8.156675042  
-16.86551945  
-16.47589554  
-12.28497202  
33.0684977  
-41.51613218  
0.396108956  
-52.33064438  
2.931289905  
7.007150313  
6.68417036  
22.55634715  
12.49037011  
-12.32713754  
5.304838841  
-29.03712218  
-3.475807773  
27.76317034  
-25.04828649  
-9.328842971  
-20.26539829  
34.39974047  
-40.22714953  
