10317
10402
10418
10486
10529
10541
10559
10572
10581
10585
10589
10590
10596
10606
10608
10636
10638
10640
10642
10644
10647
10649
10652
10656
10657
10659
10661
10663
10673
10674
10677
10685
10690
10691
10700
10701
10713
10716
10718
10720
10723
10741
10748
10767
10770
10774
10777
10781
10783
10785
10794
10801
10802
10804
10806
10807
10810
10812
10817
10827
10831
10834
10838
10843
10850
10854
10857
10860
10862
10863
10866
10875
10887
10896
10898
10908
10918
10928
10930
10938
10940
10952
10958
10977
