3.745894784  
3.202299891  
-8.854412479  
-17.4895627  
-26.44591245  
-40.79830799  
-30.99012749  
-13.65332698  
7.606287649  
-24.10433506  
40.41244619  
-14.57006928  
-68.99449619  
20.40611213  
30.81719387  
-16.46414192  
-17.22289272  
15.45812295  
16.22589612  
-28.82941986  
28.636414  
27.99411964  
-55.78787373  
38.86440797  
-6.927251639  
-24.83206082  
42.33647185  
-14.71903447  
8.401567348  
12.94608754  
18.84590848  
-12.29043634  
0.6680086044  
-20.87714995  
-38.37416274  
10.64971156  
19.43788428  
14.62038651  
40.38506376  
-4.960129599  
49.89181023  
4.513648039  
-12.72409253  
6.424507339  
-61.97665596  
-8.176604497  
-4.102812737  
-2.698418575  
1.212969841  
10.04957769  
-44.54764318  
14.19384521  
-23.69926256  
