75.20075516  
0.8788472451  
4.261608225  
50.65885696  
27.60504958  
40.22695279  
6.503474726  
67.73894947  
10.57871156  
32.44534643  
45.1121395  
-20.55883853  
-12.27766518  
-49.85463943  
31.52892106  
-37.5621717  
58.13366841  
-20.60761937  
4.936671533  
140.7179376  
-43.55707916  
8.341115159  
28.01699636  
-112.9368233  
22.66436608  
62.6522064  
-15.33860257  
20.93798707  
42.96221519  
-31.69497352  
-1.785064732  
3.149430334  
1.941323834  
25.31959426  
60.3577668  
2.524034699  
10.09297899  
35.04097753  
-36.11821882  
36.90108792  
-17.12226167  
0.9955601882  
93.23465066  
66.47616178  
6.862727612  
-25.65023265  
-13.70703967  
-53.96068216  
-11.78387016  
-42.25355254  
-53.98288326  
-63.30787563  
11.315292  
