-9.806105363  
3.584127221  
4.603064495  
-72.87523632  
-70.08574603  
-0.9765779302  
-7.400269037  
24.64405784  
56.39228455  
5.42800377  
-3.026601393  
-48.93552301  
62.99077311  
1.742491488  
-16.47816405  
-4.67976534  
69.45223865  
-23.70605616  
-45.06745815  
-41.83858923  
29.23549487  
-34.25550571  
34.78548191  
-2.938844027  
-21.04917961  
12.10619599  
-17.99029703  
4.52161764  
-2.779568227  
-65.24941037  
-70.85930516  
-83.23413891  
-7.956348334  
-7.525888165  
6.281094663  
-51.69793266  
38.07262282  
56.58889794  
-2.841370035  
-23.68453927  
12.40882865  
18.01625507  
-13.07212389  
-4.646222431  
14.03841969  
17.31805964  
18.25076719  
8.442269564  
2.570307426  
43.62519309  
-14.13888044  
-15.37626819  
-24.43392937  
11.37236467  
-3.28455805  
-36.40990277  
-27.24763326  
-2.288410015  
10.94364716  
-19.38461424  
67.666309  
-20.55941086  
-11.50013952  
57.37745887  
-37.8723176  
-13.40850163  
-10.38820738  
-29.33881073  
39.04834857  
-4.744386509  
8.278266029  
41.78137308  
3.500366818  
9.041350216  
-32.21969473  
37.35185441  
37.37071941  
-0.1154842769  
32.38878419  
23.47762143  
35.62856835  
-51.10757402  
-6.519413765  
-7.268435112  
39.54659045  
5.646543836  
-83.98628336  
-9.066424813  
4.287102031  
-56.39001493  
-20.52303299  
-36.63386466  
-3.847385265  
