3.994594296  
68.53758241  
-15.28486845  
-30.52876402  
-11.17807821  
-42.11855662  
53.60416223  
-69.87802718  
87.61274942  
19.91481519  
21.817067  
-18.3278878  
45.39016887  
23.39040636  
-11.51611111  
49.36914343  
33.2283152  
58.39043093  
24.42595513  
32.04099657  
30.69521006  
41.24304337  
7.430265935  
-11.79262575  
35.18175201  
81.6626212  
-25.74446346  
-12.42227067  
30.79391451  
0.008133587084  
17.04279925  
30.05734422  
31.2622146  
23.9017672  
2.323123529  
15.39184909  
50.5524593  
58.39213177  
26.82933754  
41.24221669  
-3.195803769  
11.25029234  
14.75343754  
27.02905349  
23.11036674  
45.4158546  
-9.136304027  
34.18983945  
1.603009856  
20.22264959  
-9.713169738  
12.48547381  
25.52528558  
35.28680429  
-2.675902127  
11.38856154  
40.58260406  
-44.26836686  
27.45430324  
25.81453174  
31.25865413  
16.54627054  
55.18764742  
18.20820784  
-9.560467927  
40.09803805  
-8.03640119  
24.96117081  
6.261858125  
80.24404375  
-34.20621341  
47.96315208  
24.67224073  
56.39441754  
50.77972638  
19.16360821  
5.07004016  
-0.4346488777  
0.6820757193  
20.91853231  
95.30141035  
-21.89025026  
10.30832078  
-15.66634476  
-39.73788488  
25.86849939  
13.02994382  
28.55852642  
13.19579615  
-11.87352662  
29.25095841  
-36.38777919  
6.687999806  
