15.38322567  
58.62667291  
9.746125393  
6.529668262  
30.45475464  
-4.192147024  
16.241141  
-5.150545032  
46.11136347  
6.136326699  
8.981937725  
-0.8344777587  
32.52574847  
17.46303506  
-8.546233333  
5.264889912  
-6.054923398  
18.59840464  
-54.1114542  
-27.55281148  
8.687328487  
9.424716825  
-8.678208375  
-11.50231818  
-24.53931694  
35.21329954  
-0.06316333774  
-31.90831188  
-2.963218706  
-10.59805752  
-28.34369836  
-12.97261052  
16.06430594  
-13.98178626  
37.71544153  
2.439558431  
-5.6484502  
11.70858171  
8.594524613  
4.777354629  
-13.21637601  
26.71074295  
-33.23818356  
34.97569358  
1.978013082  
-9.298267092  
-29.19199921  
2.286445338  
-0.3300113596  
-6.848692744  
12.74465968  
-5.300035141  
6.29149377  
2.654394385  
-18.20203408  
-13.59989264  
-3.825158744  
-27.80527747  
-23.46452145  
12.42526668  
8.321467033  
-11.61008634  
41.18303358  
3.94089567  
-11.10790902  
22.11602505  
-6.617597115  
27.19056375  
14.79381368  
43.36688647  
-8.792972345  
25.33152191  
22.02190639  
27.80421532  
-19.71119468  
8.762955444  
-15.15767017  
2.652725435  
-0.5094098951  
-6.960332436  
53.56720608  
-6.971958026  
26.82106621  
9.82458741  
-5.407565062  
-4.478288869  
4.999920668  
0.1673943024  
12.42556271  
2.02557958  
-5.895917319  
-37.04861024  
-5.771886507  
