-4.315806142  
21.59161914  
26.60538762  
-2.657152556  
36.43585506  
2.798692059  
-39.24678943  
71.37196664  
-4.810233747  
-17.14136311  
23.16149617  
-7.369047924  
22.91166971  
2.925292558  
17.6170685  
-17.95325052  
30.91202082  
-18.41397906  
-63.54029974  
-14.80925396  
13.95112218  
-9.964363873  
-17.67506947  
-26.67454924  
-28.72345008  
-14.04912177  
15.96414039  
-12.78833401  
-25.40293747  
-1.647375508  
-35.00400054  
-40.01805497  
-3.668380162  
0.6642857339  
6.401457321  
0.9682642692  
-51.27619344  
-6.509036359  
0.843706807  
-20.76994907  
-13.54893531  
17.82225597  
-40.93126948  
25.91607645  
1.883467814  
-30.4484838  
-5.00936695  
-18.55370784  
3.550734626  
-18.35909023  
26.40332209  
0.9591958664  
-16.33230903  
-12.06991105  
-4.521839424  
-11.49927336  
-18.85599347  
-4.061854101  
-37.15919005  
15.37600911  
7.164730623  
-15.3541122  
-0.9434200514  
-5.129549226  
2.131594311  
-5.231894343  
1.432718957  
6.711069189  
9.823966796  
-10.96271357  
9.267037941  
8.187306488  
21.74464017  
2.903429646  
-44.26552958  
0.3766517647  
-13.6220448  
9.353134029  
6.486760015  
1.777342763  
8.95326428  
-6.443595933  
10.57171315  
18.71554124  
36.85409051  
-6.885572424  
15.21965018  
-10.12662101  
5.283250048  
1.693222683  
-15.13797293  
-26.19797014  
-9.42278703  
