89.53789438  
36.50376131  
-46.09322807  
77.61414099  
100.2918004  
58.95350309  
80.00125557  
16.6947616  
-68.96488602  
-10.37929307  
-30.86225341  
54.88166144  
26.82902054  
32.6005839  
-50.65924433  
77.01128127  
-56.02552024  
43.71005731  
100.9584836  
44.32012924  
-19.4007094  
7.967987888  
-53.36965552  
66.46008072  
80.17264001  
62.59900059  
19.10249328  
-18.84862123  
9.852241337  
31.95719437  
39.41132868  
167.3744507  
14.13921708  
14.21005966  
102.1408455  
56.41986599  
-33.15544359  
-9.884962082  
43.33010855  
18.891406  
75.25226058  
29.77269839  
37.68195258  
-0.8667512778  
-17.83813065  
-31.86582379  
34.34586498  
195.1207541  
14.49066608  
-49.31010821  
-29.32700637  
78.6070306  
-37.27275685  
32.8540955  
88.51694556  
51.55043866  
0.8716222066  
23.97687468  
34.36199938  
98.65509093  
-34.13007374  
-51.9634675  
-13.22166037  
-15.79431213  
11.91323723  
53.50987868  
38.74145262  
31.8120317  
-3.66985013  
-21.25512034  
9.894215395  
60.54556379  
27.60708178  
13.43874519  
12.40124495  
63.24079451  
15.86292434  
58.73531222  
25.32367166  
-1.088696509  
177.7196317  
27.95663439  
27.5225055  
53.62592214  
-138.8500022  
-42.11793538  
-9.897544473  
-18.36582808  
79.87116486  
57.18039367  
60.48660687  
-73.42893241  
24.21423945  
