16.0806313  
-11.09686884  
-5.804363232  
37.08129144  
-11.19777855  
12.4853903  
19.49310191  
-25.07652671  
11.39435975  
11.13062265  
18.62097894  
22.00414835  
-2.345748773  
-8.251875573  
-34.89689564  
-6.642274255  
5.01314939  
0.6522340652  
-28.23555463  
-73.03752279  
-1.495634415  
-5.498094825  
13.79889519  
11.87905394  
-14.71406864  
1.42429644  
-8.732663132  
-43.33526128  
-14.55994485  
7.06080976  
-21.0345184  
-3.721145696  
-1.280173939  
-15.18621212  
10.66533359  
-5.932986794  
-8.950864192  
8.755754386  
-13.26591424  
19.10872472  
-2.958522732  
25.53725816  
-14.35723923  
-4.02971248  
6.496372532  
-10.62379476  
0.0138955351  
-5.872720037  
-0.6287114232  
3.882031064  
12.49465238  
17.86509717  
-2.221899655  
8.449061075  
9.343507352  
-9.336343638  
-3.768364814  
-22.73889446  
-7.46323869  
5.439430887  
-15.87778062  
-4.483111259  
3.130064224  
-3.621105451  
-35.28192646  
13.00772848  
-0.6407286615  
11.96505992  
9.497025757  
42.9869315  
16.22385403  
19.27875807  
20.7420464  
23.29822757  
-5.211909666  
5.640762958  
-0.8911699299  
-11.10731929  
14.2859788  
-14.65861859  
105.7016538  
-8.791345597  
4.179457949  
9.655627132  
-5.083515604  
-8.71799599  
-26.19498867  
-12.99381601  
16.57325299  
0.108521351  
-11.98647434  
-0.6762608134  
-4.455823385  
