-0.4127283613  
10.0148684  
25.59183447  
16.84733472  
-60.37779085  
-18.57111625  
41.38867176  
-19.16313388  
20.9369126  
-45.51000931  
-75.77484247  
-24.67256829  
30.39876803  
-25.04195285  
-83.30276365  
13.27172766  
-20.44557394  
-29.38417292  
32.17395854  
0.926087258  
-36.28937508  
1.666724321  
-79.98164374  
-17.28604881  
-15.74260701  
8.146548074  
6.619676458  
-45.67084879  
14.10093655  
2.337038684  
6.719687499  
57.58510026  
2.688615464  
-33.98346798  
34.49604293  
18.36219725  
40.05150805  
79.1686179  
-15.27002005  
-51.45707019  
16.10150085  
-0.4462923878  
34.27572147  
4.295139349  
8.247257541  
-6.922991571  
55.85573412  
31.64292442  
-56.52691798  
36.28570724  
-25.82595931  
-13.81390257  
7.631751888  
27.10944  
-50.92274811  
-6.03740403  
-21.30298963  
-22.3406736  
30.58038961  
-23.21518689  
-19.15579898  
39.72444527  
-52.50361769  
-32.95660182  
5.207597697  
4.356163334  
-23.69071054  
75.39778574  
-9.857868424  
61.01264543  
7.897315951  
8.755859037  
5.235916487  
37.64960646  
-29.6415327  
6.028005141  
2.095849534  
-56.33346084  
33.47042474  
23.64210455  
-6.246722595  
-16.73560684  
46.05490677  
-32.01192427  
-41.09346898  
4.610764749  
-66.67422529  
-1.954789681  
0.2843940715  
-19.29319663  
-22.42439053  
-1.23833056  
-27.58171653  
