30.97040117  
6.433409365  
5.938894033  
8.702810117  
32.01476662  
35.59892922  
-13.63875686  
32.69425195  
1.57318741  
4.615862075  
-22.25276762  
-14.3430253  
3.029755674  
15.55211729  
-2.436110065  
-30.78726976  
-26.41887717  
-11.49581966  
-54.77398196  
-53.32593439  
-18.67398882  
-7.582638641  
-23.12709667  
18.24865368  
-23.14158632  
-14.55414943  
18.4840705  
-1.02725582  
-20.82614269  
17.87544045  
-29.47494746  
-9.667496233  
-2.087211038  
-14.49974119  
36.92360522  
-3.32952994  
-33.56430748  
-18.14216675  
0.9109696476  
-7.234911559  
-12.32555991  
37.45978948  
-2.027419147  
27.78310048  
-2.05683476  
-36.47446808  
-20.76111184  
3.625936523  
-3.480247512  
-14.37189586  
18.49629757  
2.771875801  
-6.454474395  
-15.45378201  
-21.46898782  
-26.99899211  
-29.5656935  
1.828525469  
-35.51138828  
-3.805567827  
-10.5632615  
-6.67766748  
18.55602645  
-10.37968278  
-14.84877491  
3.65173512  
-0.4594202646  
-1.002110367  
6.942676136  
8.052966166  
17.24003995  
4.557761317  
9.806405814  
6.684232919  
-43.6077535  
7.364772975  
-7.628557522  
15.5698735  
10.08263743  
-9.583042505  
17.81334145  
8.923308973  
33.13396366  
29.97037402  
2.569411421  
-21.79562743  
-20.79507858  
-18.14636622  
0.1733876631  
9.271109525  
-21.99981281  
2.008480467  
-4.066828839  
