-4.981186075  
-13.8145654  
4.19220866  
16.20900669  
10.13121955  
-9.313312235  
29.20515984  
35.15388671  
12.29936925  
-7.616133772  
21.66637268  
1.058984941  
7.496283939  
2.129782406  
19.04876917  
34.7601579  
22.9079784  
-12.49621681  
27.40920754  
-51.94155523  
-31.76201994  
4.591927968  
26.29613608  
38.05189986  
1.334841799  
7.077360921  
-17.29657392  
-30.04615378  
10.87229368  
-43.58999434  
29.96674359  
-2.612798145  
14.80044368  
-2.232824398  
53.97224003  
-10.13239882  
32.6558617  
47.65034605  
6.98854794  
-29.52785033  
-42.73550474  
-3.744387683  
9.490740575  
13.99580296  
10.98791245  
8.055064217  
-22.21048283  
80.00662799  
11.39454157  
8.391513096  
16.45299183  
13.96065797  
-12.55491459  
55.7481126  
40.7455228  
9.034091243  
-4.899905787  
27.12050453  
-7.079815285  
27.19209103  
-16.82956199  
-26.22724319  
-5.533070375  
31.30867275  
-16.07452649  
49.07317347  
12.95086541  
-5.262372478  
12.74157671  
40.98044905  
-1.686954724  
-12.31735523  
24.64409393  
6.190954724  
7.278235515  
70.82223726  
44.36445689  
22.9493679  
4.326830395  
22.63211678  
-69.97612234  
-46.7568631  
-4.364038994  
33.12398732  
-9.104049193  
-8.906788365  
45.46000674  
-7.164288023  
20.78206211  
-18.54980885  
-11.82939291  
14.37172451  
22.26627022  
