-2.613115687  
24.75071047  
-27.471401  
-15.32036626  
40.91226732  
24.3918912  
-2.211168155  
78.63915771  
40.28176513  
-10.68721845  
-2.301250525  
6.242641449  
43.16001385  
11.36717481  
-32.23857332  
-2.42309996  
14.4798196  
-21.43761178  
36.01269001  
-18.34050642  
38.30151811  
-20.58031186  
-20.62578578  
21.48467155  
35.35692187  
57.21941921  
2.301353418  
-3.614741055  
1.395282105  
-17.72865582  
-40.93496799  
20.57124772  
4.471997421  
-32.84623178  
36.69399012  
-15.50046488  
6.076212095  
14.55663829  
-2.819545539  
-6.946026754  
47.11236003  
35.05464356  
58.59834069  
-20.0327196  
21.15731164  
-3.519826951  
26.34779478  
70.62220857  
-0.1604527012  
15.35758065  
-29.73604519  
46.6653622  
-28.88750163  
28.93308069  
51.00975213  
32.41276194  
-11.27825429  
8.868739923  
11.84567903  
49.74609026  
69.40461232  
-16.98859937  
-31.74003215  
16.44693732  
-26.22248369  
-2.332700156  
18.43913245  
-34.67981574  
26.95255163  
-2.08113268  
34.72043542  
83.03828823  
17.69092048  
10.84917821  
-35.10436981  
74.87217385  
41.14105863  
56.07939696  
50.12542252  
66.3237604  
138.3808378  
-56.06459546  
-13.68503646  
11.78908109  
-5.152099997  
-14.2258043  
16.41440969  
-0.1932987683  
31.26607194  
-17.32339117  
4.841112254  
-68.97509582  
16.46568651  
