42.09371434  
46.81657389  
-7.905930679  
1.297282472  
-107.1533465  
14.67673486  
27.71160209  
33.91875049  
63.57234402  
-3.568293747  
7.5470636  
-7.919160911  
51.24449009  
-25.10940897  
-39.29637269  
30.12511716  
38.92026406  
-22.59813821  
12.05204989  
-45.75614011  
2.994312612  
-13.88197296  
26.97165744  
32.75380898  
26.59599023  
72.41006394  
-39.19162643  
-33.72714107  
-2.053043679  
-38.55867411  
-59.23883446  
-6.709300602  
-12.74293428  
4.825138122  
64.75905234  
-43.19779797  
-5.714255642  
32.23442495  
6.478094762  
-22.1629012  
45.39126709  
47.83872225  
38.26164448  
-32.84780987  
6.347829808  
1.345637881  
-10.32276613  
68.3910774  
6.50090546  
29.50032199  
-7.492849108  
1.792758584  
-52.15145981  
28.08443145  
34.76011036  
7.43140237  
-21.71806492  
19.9812279  
55.76408688  
21.78071416  
40.50178906  
-89.92579871  
-6.787639163  
39.7831462  
-27.87706052  
16.9599233  
5.206640832  
28.98105286  
27.36304674  
-21.74634841  
39.86647061  
37.71304411  
18.92858631  
22.39602034  
-21.43943001  
39.51632696  
42.75205617  
27.64762411  
59.29600313  
-9.165379855  
65.41464441  
-29.825458  
-11.07964391  
8.237268448  
-59.35167909  
-22.57223512  
-95.55212424  
-17.84086026  
16.38852045  
-52.88706134  
-9.168468259  
-51.83964866  
11.29875514  
