11.06857315  
-0.2525782225  
8.402577219  
-9.566191537  
7.957262734  
-13.952037  
17.00851275  
-7.606156889  
44.19897628  
-23.21023276  
-0.4330071118  
-18.40213554  
30.64697571  
4.355494487  
0.6806515964  
62.13723144  
-16.98077524  
-77.55825843  
82.03147035  
30.03817626  
-57.45826831  
27.459131  
-6.08555671  
81.7055965  
53.9897603  
34.87079017  
-6.273078683  
-1.346134707  
19.5150075  
-57.46810884  
38.0913064  
33.61835271  
75.41398234  
-8.396997703  
141.682016  
-9.659570063  
46.84168101  
61.4564972  
52.11884757  
-15.97994487  
-2.360242203  
43.76753986  
26.28090542  
22.11622062  
-12.16346173  
3.370896034  
31.97709331  
112.2505835  
-2.384476711  
35.26748361  
-6.071375388  
68.16694888  
31.97572636  
22.86219608  
11.03041667  
0.8006122237  
-3.052163213  
22.92950341  
21.37445515  
-12.28972662  
-16.34153743  
62.44773877  
-28.34101116  
44.39123685  
36.22642835  
76.32513529  
32.70076661  
62.70010616  
47.04007447  
50.48767513  
8.228971669  
21.77931716  
34.27647061  
29.83293211  
-15.77901668  
56.65680578  
72.43778143  
14.99739786  
-15.69668488  
39.55200816  
-39.24185183  
-10.54931326  
11.00635069  
26.78702642  
2.4406558  
14.01569813  
50.66506274  
-36.97737866  
50.33315021  
8.072008964  
15.84225525  
-2.909342015  
8.471161903  
