0.3190235409  
-15.62720439  
10.66276755  
23.51791053  
18.51540827  
-0.006164749463  
19.81897141  
57.57766739  
14.63951595  
-29.34953268  
-15.87438576  
-43.33389035  
-15.20262484  
9.735621724  
16.61931824  
6.172671769  
32.37077796  
-8.633909248  
37.93835432  
-32.66442458  
-15.96882625  
14.34575026  
29.69196108  
49.79219396  
-6.453473334  
37.1289049  
16.55745708  
4.530921895  
9.273163517  
-31.62854267  
41.55099674  
-18.79135137  
40.83180571  
-23.93913975  
45.42867854  
-12.15972798  
9.707936964  
20.59253041  
-9.606329984  
-15.69575381  
-36.48989123  
17.66293608  
46.73028678  
18.42063226  
-8.45189763  
-4.041478158  
11.25554744  
47.96117864  
0.6481813695  
31.01063934  
19.62555569  
67.75909635  
5.70347004  
48.76704578  
31.02597394  
10.49230971  
-6.067771694  
13.20672074  
-13.29482212  
-2.772414062  
-23.73063297  
13.03501127  
8.973240972  
6.17310202  
0.2335154549  
38.28183745  
19.14700201  
-7.295789945  
20.1058073  
39.22571457  
-8.213445904  
-0.5636157906  
40.38276749  
19.40170941  
-10.56198716  
66.95562378  
65.07623428  
34.83256772  
28.85165954  
37.09572933  
8.570435495  
-20.37532384  
-3.178448351  
21.47903721  
-5.532086765  
-1.268500882  
93.10742688  
-19.68638922  
21.78784937  
-4.553206964  
17.44074106  
13.43396091  
23.93060159  
