-9.688242218  
-28.91741438  
-3.157812489  
30.38485326  
-11.31663038  
12.41774686  
23.48973296  
39.73979389  
-2.708426449  
12.50857732  
-0.7902945143  
-5.888660101  
-10.72567378  
16.62483917  
13.08670003  
-17.65287308  
41.23622792  
21.8807619  
-13.53346041  
-41.88702282  
-4.870576228  
-16.239558  
35.85428795  
13.39413233  
-31.6990306  
3.412025966  
3.404040312  
-9.934736561  
5.480383538  
-17.14559974  
13.35372961  
-33.47830067  
-13.22791366  
-3.306499123  
-18.96068658  
-11.64450062  
2.122651265  
4.174613006  
-16.06659883  
-6.163114769  
-41.0230588  
-9.612469001  
0.7476314368  
-5.461365721  
16.62853166  
0.3683061219  
-11.08719874  
22.9667522  
6.841094375  
-5.312823233  
27.9120169  
14.67526851  
-21.09840696  
34.18034537  
34.01817187  
-0.2431312647  
-2.046710379  
12.14567896  
-25.03138006  
27.67618049  
-5.901704037  
-47.87675593  
19.00633958  
-0.4628285749  
-27.55125861  
1.835735809  
-8.702260349  
-38.81095451  
-5.608279671  
16.11223158  
-4.019096515  
-12.16005196  
15.97457612  
3.218063751  
2.878715264  
44.80527056  
14.74928526  
15.96806055  
22.47208001  
-6.360524298  
0.5059319728  
-1.285524402  
3.19068537  
18.12446518  
-23.83093121  
-18.18806858  
-7.49777588  
-5.300317  
0.8521777327  
-6.896133224  
10.00687257  
19.45095323  
13.7598411  
