23.79328316  
0.3551365766  
-3.110999953  
20.82369227  
6.396321268  
3.684313725  
14.05150973  
15.56584949  
31.28448235  
-20.48309495  
17.81886545  
12.92224235  
2.704096807  
-12.57074052  
-15.10756277  
1.166601906  
18.9347456  
15.70451685  
-28.48708712  
-40.55998875  
-0.3912412123  
14.3204612  
6.007648262  
15.29185459  
3.268020397  
11.21661446  
4.652902891  
-4.454234644  
11.51331199  
15.68176325  
-12.37095441  
4.72806016  
43.54634066  
0.6687460119  
16.96367239  
6.465587158  
-6.694801863  
25.69064147  
-8.271568304  
7.952326268  
14.99332127  
23.0134481  
-2.208050622  
-2.661336022  
14.00305325  
-5.282579755  
16.48972424  
12.49001445  
13.44997096  
7.344133627  
8.404306898  
37.61939126  
9.940865178  
8.518190751  
17.60479611  
-10.02964431  
10.4789866  
-11.01133884  
4.739007559  
24.24650801  
-8.259896669  
16.04540441  
-6.679048758  
-5.539730328  
-18.35418661  
21.23947997  
16.39609512  
-1.40903175  
8.115788652  
35.48189594  
-3.189659192  
23.80682907  
23.63619549  
23.34833285  
-19.5116712  
14.03323147  
7.645948926  
7.679289792  
36.07483734  
18.81387613  
80.84809367  
3.07059851  
24.19445055  
47.75535003  
2.771712493  
2.190936962  
-0.006508825576  
-9.010930838  
6.293734358  
3.944561761  
-9.206196547  
9.958335574  
-10.43225907  
