41.05344037  
40.36706019  
-3.765790042  
15.64395431  
62.40286384  
28.43868185  
0.1814594605  
47.8855313  
9.209372708  
-25.48253756  
-8.133639228  
27.93814658  
32.52187367  
25.64219477  
38.73872127  
-24.13366049  
7.110257686  
29.41979371  
30.58631323  
81.88912207  
-5.573095095  
15.35060401  
28.84143934  
40.14654118  
35.04198411  
17.60507484  
24.45590628  
59.55609983  
71.78026365  
-6.988569932  
30.38301424  
33.50992581  
56.61054709  
16.08683275  
9.8681221  
15.2331587  
22.02043378  
46.9247497  
-4.698782039  
-3.864885926  
30.44410685  
17.48214684  
39.40430926  
34.10156262  
24.26507068  
23.06183096  
3.742613804  
32.41531975  
26.50563102  
0.823184038  
-4.549721009  
25.48124663  
26.42729112  
28.08996556  
14.46376955  
7.182961851  
13.00085923  
42.31896122  
2.959536443  
-4.34447952  
43.14991151  
15.5269607  
8.955185965  
-13.5087941  
13.52834515  
25.5844901  
30.66515186  
13.19674288  
18.30097608  
-10.85580456  
-26.38540183  
31.64743961  
6.804008346  
18.71989632  
10.90390147  
14.10831735  
18.13530649  
42.25621854  
7.892608575  
45.74989413  
41.31608187  
77.16823187  
58.65755279  
39.05657954  
-50.81317415  
22.9082415  
-51.81748126  
9.513026092  
-7.181382687  
42.82655336  
23.2942521  
21.36850285  
-0.6370430264  
