-11.61239282  
-14.44004908  
-0.8318012044  
18.76664218  
-33.95161261  
-1.189706787  
17.20882544  
-8.570739863  
22.29465242  
-32.30595221  
4.267985148  
31.61901376  
-10.24726399  
-39.56292153  
-17.69402095  
-6.094014323  
35.98757099  
-8.258623328  
-21.99730742  
-51.82648742  
-0.3484889506  
0.8307641506  
10.31171131  
-32.32780612  
-19.31826949  
-32.19567865  
5.896630373  
-20.09536245  
-19.17582872  
7.066550253  
-21.30512105  
-13.93959471  
7.406580317  
5.226683381  
-14.64845852  
15.36887225  
-40.8552647  
-10.63040337  
-18.88902826  
-15.20565138  
-1.787193801  
2.427421558  
-23.63297547  
-15.57430392  
10.04796309  
-20.30820652  
1.881363214  
-16.54713935  
5.69942569  
2.113862122  
19.54564982  
18.87334578  
-2.166327727  
7.12312847  
18.46156996  
-12.58209853  
-1.11545201  
-5.483977046  
-6.380587214  
21.37695217  
-20.73033175  
-11.61839022  
10.21336568  
-4.48179311  
-2.135013018  
1.986509802  
4.428611633  
-13.03066629  
-1.732450027  
7.134121269  
3.061445003  
1.241263024  
12.77198756  
-7.08924885  
-37.82059452  
9.197122325  
-4.877518496  
8.163708614  
28.91220455  
-3.34243997  
21.53166979  
-27.80274647  
-16.45195316  
20.91262256  
22.22739728  
-11.07724229  
21.72155404  
-1.314099841  
3.39419257  
-24.13714075  
-11.51276287  
-1.091597796  
-0.4244607308  
