17.30380699  
45.28136619  
4.193333211  
-31.0127741  
26.81778859  
-3.454434605  
-14.88108582  
41.13314878  
39.15747371  
-3.881541597  
8.609145481  
-39.20548381  
33.17123616  
30.86328601  
6.33757113  
-6.92157921  
43.77638211  
4.648574406  
-44.4745711  
-8.541379552  
14.4247012  
17.1938885  
-23.64898515  
-8.716202432  
5.442786873  
17.65440507  
3.294619739  
-3.693948551  
-9.746325738  
25.28656935  
-16.24388383  
-4.621856871  
11.62545996  
24.91803845  
7.9327444  
10.35796066  
-22.42802102  
19.27624563  
24.84342437  
-2.316195146  
-15.51987624  
33.19911892  
3.064114015  
46.52407197  
17.26122014  
-13.28149215  
-6.732061281  
14.68451915  
2.661534403  
-12.99656026  
21.52290701  
21.42203491  
-0.8314222442  
8.745014086  
-9.021259979  
-13.33122255  
-4.446247069  
-17.59659116  
-20.52047754  
24.95970688  
24.38932699  
5.009324922  
31.61722046  
-4.30560066  
-12.59658378  
24.4955655  
1.45034955  
6.031970743  
7.731094658  
36.337632  
-1.128504038  
32.56627048  
31.01758314  
37.59764186  
-17.38236228  
15.07458015  
-2.459206782  
20.15773412  
16.35373379  
25.32187752  
68.50081042  
-13.12985511  
27.70000998  
24.74082721  
4.859558016  
1.231335142  
2.454594899  
1.586530594  
5.615347365  
-4.51087525  
-0.4846697685  
-25.52524362  
-2.496855544  
