2.955647788  
-18.88548148  
-4.324666832  
29.23012253  
-8.826693022  
21.75928335  
23.81033439  
-18.66491905  
25.31749424  
-4.535975929  
5.255713006  
24.33135352  
-8.671778556  
-10.08440659  
-0.6788036754  
-21.08338975  
23.54044312  
7.351363082  
-6.388955956  
-25.47395612  
-16.32248785  
-15.82676602  
29.1610371  
-17.08203308  
-12.22060054  
-20.37069577  
11.80666041  
-0.6370638041  
-4.725042021  
10.17482608  
-13.19001767  
-5.738614267  
8.069105248  
-3.515330142  
-6.266718632  
-4.130519662  
-35.81351518  
9.18802491  
-17.80957909  
-15.70549053  
-0.3792526885  
19.45600394  
-3.66730985  
5.680814593  
17.66868127  
-15.56386011  
-10.80430361  
8.416737295  
12.99381061  
-5.149093377  
14.10553338  
20.44105371  
-8.209078604  
6.788613012  
16.42725353  
-24.9265579  
-11.95183662  
2.933543637  
-12.61554787  
4.220160633  
-13.59075978  
-13.67927498  
19.48698879  
-14.46911224  
-2.57100211  
11.37015418  
6.423655353  
-11.06377575  
3.095460827  
12.56056292  
-10.50657905  
18.35286452  
11.98499101  
1.788983822  
-19.29082968  
10.48707874  
-0.7495907757  
14.32193757  
16.48198718  
-6.030695244  
45.74345284  
33.14813881  
18.24638475  
24.53249469  
-20.79695018  
-1.195508848  
-28.62444174  
-10.47978687  
10.4134317  
-8.538777501  
-7.493661636  
13.41137721  
0.6804386004  
