-39.89981065  
35.60590123  
6.041215356  
-18.76198862  
-96.44713351  
-21.17671825  
-48.56044474  
67.28117277  
111.9757705  
-13.35233711  
38.08165795  
-7.622657207  
3.432737458  
-49.18417276  
-1.325588433  
-41.26802205  
39.97336563  
-69.20832989  
-20.96001639  
-66.57818663  
34.68556692  
-11.35034508  
27.55966386  
-9.282756775  
-2.159407403  
56.34000792  
-39.95116319  
-15.08836912  
-5.435607119  
-25.59992729  
-74.23537274  
-77.08936268  
-12.35600715  
-37.17462125  
-6.968897251  
-65.2032962  
2.903313388  
0.04568805546  
-38.42321528  
-24.2010114  
5.7222504  
34.76961435  
72.93543899  
-48.69666518  
30.78317352  
12.45204704  
-40.40688769  
-61.4672609  
-7.561175037  
53.44270942  
12.40982671  
-14.35838358  
-18.28888685  
13.01536119  
3.138302933  
24.55256943  
-7.333850093  
6.148270885  
22.96353801  
-7.743671775  
74.19200122  
-33.86706196  
-13.80587213  
19.70113143  
-24.25889416  
-25.33657075  
-7.186852932  
-7.657181762  
16.98047821  
0.1704992466  
52.54513634  
16.30087239  
3.979569158  
11.02874367  
-36.72534992  
25.23435579  
31.0051569  
21.7647879  
54.89846678  
36.92322721  
-9.552718699  
-68.31955895  
-42.61296609  
-26.83780993  
34.35048783  
2.9968022  
14.74611283  
8.849238798  
-38.81945492  
-69.05234045  
-44.39064381  
-10.27762567  
7.068917569  
