-11.76529127  
3.653237215  
13.21885904  
18.90825545  
32.00599526  
-4.521382644  
7.341972653  
58.86019841  
-24.08588013  
-28.68498367  
9.892059331  
-17.98411006  
-29.02968377  
-17.26491865  
21.5721064  
-4.498897274  
31.02330388  
34.26200807  
-7.439852853  
-72.75713306  
12.67620891  
10.56278034  
22.6581944  
-7.255634954  
-27.04745878  
5.876183167  
5.062444386  
-7.565467093  
-2.640400173  
2.127272168  
18.10950366  
-21.63274885  
-7.431353526  
-9.327885331  
-23.32041068  
-1.160509469  
-2.377244798  
0.4741212782  
-39.08577301  
-9.111551822  
-33.97836478  
-23.40055994  
29.34275574  
15.40533741  
-2.516009027  
0.7059238738  
-32.99678505  
-10.65480648  
10.32969278  
13.1848389  
15.8417383  
1.423209619  
-16.07972486  
46.09207551  
29.07484308  
19.04139849  
-3.835099411  
5.73392964  
-19.21396687  
9.033223203  
-19.73820246  
-29.36973023  
12.77484244  
-4.394056894  
-20.86442319  
22.6654377  
9.258390858  
-33.63064516  
-10.10546122  
6.991246012  
-12.47928386  
-21.93478559  
15.40944976  
-5.984233069  
9.616549643  
34.38811468  
22.4315543  
21.30014671  
26.61498578  
22.97315713  
-22.66976635  
-57.03748714  
-22.55156951  
10.03630916  
7.272692593  
-3.772720462  
95.40014771  
16.22106728  
-11.51799659  
-23.39967523  
-19.97241029  
12.40447496  
24.11515173  
