-22.98788226  
-3.216081337  
-17.44464529  
24.38597867  
26.78585209  
-0.2174652527  
12.61998536  
2.53542614  
20.55472484  
-27.7260615  
-62.77467397  
21.93399461  
5.100747585  
-27.65441534  
-4.175034557  
13.85291454  
-17.36391505  
24.52838162  
7.305618691  
20.76934998  
-4.110902357  
-20.35200374  
1.555122055  
42.5540987  
7.573211805  
37.43051581  
-1.065491085  
1.780109258  
-9.487458297  
-0.8325159152  
-7.521890988  
-0.27315977  
43.17618181  
8.784204074  
-6.440363551  
-8.147876171  
5.132562741  
-6.873118901  
-5.973219973  
-9.253935241  
27.78400292  
3.195454447  
-15.85725175  
-11.76239018  
9.768503062  
2.686208393  
27.93574422  
-5.637715384  
6.297478894  
5.186054782  
18.84363372  
-2.438113602  
-2.901013163  
-5.730568681  
-10.75737543  
2.150141665  
-3.826465789  
1.744557807  
-0.2798231352  
3.100415656  
11.10250915  
9.215740457  
0.3540488223  
-5.234591873  
-9.351225221  
-5.678859886  
-9.873001711  
20.135315  
9.003265055  
11.30287084  
17.10837026  
3.002426765  
8.846477199  
1.984542104  
-18.45866922  
1.426441299  
-4.395039714  
-3.997144566  
-7.045387343  
-16.85021512  
-29.37512833  
3.322292022  
-6.159772478  
3.944605269  
-2.570059915  
-1.314113464  
-3.555309027  
-4.051610557  
11.75063898  
-6.530678  
-5.839517132  
1.233759198  
3.278097399  
