-26.51176666  
12.69415293  
-36.20856062  
-72.86194387  
7.795286564  
-79.76335452  
-0.5959780056  
-19.93337847  
35.27815871  
-19.97122243  
40.609201  
-51.27237806  
39.09354138  
20.77945599  
-51.97220644  
-86.86195418  
28.60276606  
-5.501254869  
35.22300415  
-20.62621694  
-40.17925134  
-11.18322594  
26.92803413  
-0.5913118216  
0.2402146161  
-47.90471236  
12.01823499  
17.71042651  
14.88172163  
-27.89248591  
19.72120835  
54.48773564  
-24.78476647  
-37.20034005  
-33.88447098  
-29.98549411  
23.12690282  
-17.79693002  
-15.07996717  
-64.84600118  
-4.538140677  
-90.45059417  
7.967807062  
-2.51257148  
-17.26357963  
29.73516312  
8.932769748  
6.64137636  
-0.9037879058  
18.54263295  
6.153889702  
-4.127455588  
-3.117974641  
2.691500617  
-25.8541518  
-27.48210817  
1.99979395  
-2.549075444  
-11.15128961  
8.031690891  
-4.139117989  
31.19669041  
15.79825351  
33.53840314  
-19.43904726  
9.096196005  
-9.751347479  
8.493374741  
7.396083699  
-3.363471262  
-4.102835389  
-10.1452829  
32.49723273  
8.575926447  
27.1229759  
-6.088807349  
-27.7660489  
-0.07347302941  
19.82462541  
-3.278559082  
-71.41341602  
-29.92285222  
14.49289963  
10.05370036  
-19.59964115  
-9.626446706  
59.84238293  
-11.4567826  
-5.519516642  
-6.775204595  
6.485383451  
10.63702879  
-21.72978067  
