-26.75991511  
35.09898787  
-8.024525404  
-1.718889636  
-11.07750164  
17.50610255  
-9.764677565  
-29.01077613  
-16.15379927  
-2.649652529  
7.782924728  
20.99500164  
22.38819109  
28.11086624  
7.392549103  
-0.6635281864  
9.019054174  
28.21699361  
5.564313775  
85.37158658  
0.5657585114  
-14.20857876  
-15.00636729  
-31.37129652  
3.703472432  
-11.60681118  
-1.370659831  
39.29447564  
51.16425315  
14.13220421  
-23.393276  
-2.85581719  
6.452625075  
-8.999702207  
3.259640909  
6.749487388  
8.943931851  
-15.02810272  
10.58467946  
-2.234958853  
-3.254896053  
-20.44150254  
-12.16760272  
-6.171281953  
-0.1148064446  
11.81867175  
-25.7672809  
-15.34010961  
3.920425332  
-8.676453081  
-10.15185351  
6.116130122  
-2.910576188  
-10.40175021  
6.078047687  
-10.82122375  
4.427580944  
0.9275481213  
5.943013646  
12.55031603  
-2.013565371  
1.854316748  
15.6574574  
-5.007000169  
-4.23907326  
0.4591551003  
6.211014848  
3.434583373  
-8.218284073  
-8.700016564  
3.087309671  
2.252667997  
2.125621038  
8.038721843  
60.88451307  
-6.911086706  
-11.15065711  
3.060035081  
-6.442756781  
1.67131602  
-5.20589751  
0.7833300158  
1.356021354  
6.171239224  
-0.08386011557  
-0.2800786969  
-1.286167719  
18.79611299  
5.42858904  
3.413163568  
-2.32967042  
-4.570684658  
-6.710535402  
