34.85716668  
-9.395135952  
7.891621261  
5.519356447  
17.54043007  
32.53898422  
13.68431747  
2.682384715  
5.365325711  
13.0184897  
25.553958  
-66.93635421  
14.74044817  
-8.285516724  
10.75396601  
-0.04864979693  
27.77814961  
2.21747113  
-4.039855113  
19.66934607  
4.172281989  
8.230274037  
-3.949659706  
-25.57576828  
7.8572063  
17.62004114  
6.684088159  
4.764193621  
41.81547803  
10.14988447  
31.95260701  
-11.32655981  
-15.2109982  
-16.46052449  
4.07550209  
-8.596350699  
-1.306546785  
-14.35422482  
-1.898427398  
14.30486461  
10.72945351  
1.700569665  
-6.953758086  
9.273261291  
2.058272203  
-2.594464244  
-15.6507402  
-8.186007608  
-6.090546879  
-1.331174648  
-7.127828018  
1.298611403  
0.8328221386  
2.284367516  
9.012741427  
6.816727004  
17.41318387  
-8.077359666  
4.436647723  
-28.39658585  
7.759787603  
-0.2349163576  
-7.561359792  
-5.596961393  
-0.4580000081  
0.2404247622  
-3.995567161  
-0.7075193777  
1.241128787  
1.266150205  
-1.121825109  
6.474753848  
6.949523651  
1.693123972  
-17.02994837  
6.917307488  
-7.084357807  
10.38765377  
12.75411899  
-0.7349649945  
38.03513749  
-1.163150748  
-1.571297953  
-2.405415664  
11.57955042  
-0.2879513268  
-0.7924130387  
-8.412241217  
-1.599188993  
0.1013909671  
-0.3764298468  
-3.162586495  
7.372420107  
