7.335802638  
-24.7193633  
-4.944578606  
-4.175774298  
19.8067034  
-25.11568506  
0.1460857316  
-14.19254793  
5.282144617  
18.97861794  
6.263021422  
-6.149087411  
11.56402381  
12.00907211  
-30.81299808  
10.10547464  
5.497162059  
4.677684404  
3.67328061  
1.185975851  
4.254018258  
6.648144025  
1.478853371  
-10.37955678  
-2.695051602  
35.98798665  
5.69185791  
-0.5966642149  
16.02248455  
-1.546352461  
18.49200197  
-9.825020142  
-5.585933094  
14.04985162  
3.613185713  
-1.517268565  
2.010651105  
11.34004359  
-2.164773584  
-2.284728347  
-1.78097149  
-29.48725602  
7.402080497  
-1.879481541  
-11.21400263  
2.723469397  
-0.526479943  
15.05779029  
-2.246673678  
-2.807305099  
-0.5989192211  
-2.106994799  
2.664843797  
0.09141644463  
-8.063108013  
5.857884048  
-4.407203579  
1.744034333  
-2.492041104  
-0.2313211015  
-0.4487387726  
8.671824455  
0.1482384639  
-0.1532268118  
-4.878712781  
1.866807982  
-1.601082216  
-5.669304777  
0.751718834  
3.47388373  
-2.794769099  
2.299548403  
-7.142954009  
4.737574503  
0.03655081599  
0.7814580628  
5.281677552  
-2.262061947  
4.007547247  
3.860882868  
-6.142445011  
-2.260275241  
11.47875946  
1.171953332  
1.773119177  
-0.9479031822  
-6.005858579  
-4.733443627  
-1.599772865  
-0.4170009555  
-3.847495362  
-0.3457532696  
-6.285118628  
