11.77505506  
-36.80747511  
3.517708398  
9.016727136  
33.67495543  
-61.31273531  
-8.584658101  
-15.94225005  
22.03790893  
33.26753389  
12.37903625  
-22.17856822  
9.278957053  
21.27870274  
-38.62532416  
25.88917127  
4.528838517  
-0.3607612183  
-19.37191764  
7.181900876  
14.76405676  
10.55193558  
1.074710639  
8.76221987  
-3.367647783  
64.50107145  
11.41546913  
7.20403714  
20.54962782  
-9.338253836  
24.35275908  
-18.60747015  
-33.84237457  
22.30856664  
19.26222806  
-3.778501684  
3.753182564  
13.42313706  
-3.773709332  
-10.65916488  
-1.483051587  
-34.61526672  
-0.1203253766  
-1.356583573  
-17.25770628  
8.361864958  
9.088676417  
26.13820306  
1.238178655  
1.681298689  
5.999542057  
-3.040447028  
-1.302804326  
0.9553460931  
-20.38758051  
7.371961391  
-5.216598115  
4.025958547  
-5.867672496  
6.394708437  
1.042624686  
18.59181085  
10.31473754  
-5.558688179  
-10.65689613  
3.179991311  
-1.808920041  
-4.431606695  
0.5147130573  
6.722827085  
-4.29436977  
0.1162825706  
-9.706062962  
2.023899967  
1.964689598  
6.748585596  
3.753870057  
-11.214959  
7.039731803  
5.196195954  
-11.66736365  
-5.25972767  
14.99389307  
8.070961364  
-3.262288806  
-1.964129632  
0.01938588055  
-6.398252174  
-6.898700544  
-2.939247004  
-5.021662328  
-4.907172538  
-23.60251867  
