-20.4257321  
16.59551363  
1.876228166  
-24.81835995  
-37.53905859  
-16.05470357  
-8.678000775  
37.07845981  
6.153364258  
-45.3094943  
5.012670867  
-21.54262599  
-8.431360255  
-26.92134192  
11.68216321  
37.18118164  
38.60966796  
-15.67192341  
-32.36907808  
6.921090378  
-3.375627903  
25.74580303  
-29.61857411  
-20.70506497  
13.57477232  
-16.71428029  
-5.791058961  
28.94712929  
6.726614429  
27.71429166  
7.438532429  
14.56288707  
23.66036284  
5.177426351  
-5.828239174  
26.12082361  
-4.352901515  
-22.48380707  
10.27128556  
-13.22445688  
17.1520743  
-19.53346603  
-17.80192133  
1.16220433  
20.98256053  
-19.66760543  
27.20745519  
12.96867401  
10.62936567  
-8.161618354  
-0.420994956  
16.6920886  
-0.7797642268  
-2.736573337  
8.292164276  
1.999480726  
12.20758457  
19.49868041  
18.54611914  
22.63923542  
13.99313088  
-1.795267973  
-21.53080406  
-0.05881159321  
18.66353355  
1.07326006  
14.19796487  
-18.65987499  
-0.106054149  
-18.72100657  
-6.720746999  
-22.42488379  
12.3666482  
-10.09669163  
-15.6730976  
3.365471982  
14.94770935  
0.7261058254  
19.94478578  
53.65105035  
-58.59556057  
-46.50055657  
2.087142385  
19.55223714  
30.09634093  
-0.9723724624  
69.64445599  
32.92001269  
-8.287977722  
-5.61985843  
5.682609317  
-8.953902358  
-3.042001989  
