2.660515213  
-11.25579187  
5.981738173  
13.19250117  
13.86825216  
-36.38507577  
-7.561310565  
-2.842830153  
17.90298274  
18.73266884  
5.955395157  
-16.02948072  
-1.913878502  
8.585830847  
-8.040950419  
16.04593479  
-0.9683233693  
-4.138014087  
-23.13577648  
5.995925221  
9.7932471  
0.5804305984  
-1.542170851  
19.14177744  
-0.5886270861  
25.52204778  
5.840685019  
7.155120736  
4.178810627  
-8.082455714  
4.906131981  
-7.169553229  
-28.07109844  
9.097752233  
15.64904206  
-3.276019811  
1.162935978  
6.470167017  
-1.435753831  
-5.779989426  
-2.505062873  
-5.151189956  
-6.695768174  
0.760383775  
-6.232474252  
7.042409009  
9.56925853  
10.77996136  
3.032820403  
4.217157209  
5.719172143  
-1.277037993  
-3.237009831  
0.217092519  
-12.04717618  
1.703134696  
-0.6340393113  
2.018015847  
-3.353231158  
6.626029562  
1.82408417  
10.341713  
10.16649918  
-5.064720002  
-5.74347143  
1.475766237  
-0.2928415009  
1.307990381  
-0.4045589851  
3.153126636  
-1.10136673  
-2.206181018  
-3.08517718  
-2.965422671  
1.928138905  
6.893998367  
-2.700432377  
-9.261544549  
3.089661263  
1.146183012  
-5.524918661  
-3.042965996  
4.037458244  
6.410038814  
-5.419455732  
-1.579936663  
6.02524459  
-1.290766406  
-4.784309808  
-3.010573327  
-1.093495831  
-2.026031315  
-17.79205693  
