28.41728405  
-0.1364820551  
3.825859067  
18.22270336  
42.89195137  
-2.606923852  
-0.2670209714  
-16.43944769  
-2.405758959  
20.73347871  
-0.8450606494  
11.26264029  
4.176835428  
23.05180298  
-30.51033871  
-23.18832547  
-23.09644741  
14.11756276  
17.12001987  
-9.245651821  
9.434225421  
0.9534484974  
11.0458743  
45.53664085  
3.270400807  
30.08835123  
-7.241386379  
-16.82376317  
8.514444171  
-16.19454864  
2.717800462  
2.222289633  
16.36396947  
-5.617097757  
24.02269015  
-23.01572758  
22.83997821  
39.24958276  
5.826372422  
34.37423131  
-4.182341442  
19.4545545  
1.62181801  
4.958543688  
-9.688653422  
20.46411263  
-10.30620319  
-17.61078927  
-0.2471686615  
5.633438937  
-4.883358497  
3.214029371  
19.23728736  
10.98176322  
-5.444499534  
10.2932766  
-6.248876233  
-23.13819818  
-6.919801553  
-18.94133614  
1.711526299  
12.11915083  
-9.703513125  
10.69395541  
-35.72305578  
-7.159886955  
-9.936398268  
33.65695279  
6.608064108  
31.74421208  
14.68763239  
17.79888716  
-2.640835712  
35.7770681  
27.05929421  
-0.09478808191  
0.7845342656  
-4.653610048  
-11.50787684  
-18.91327955  
92.74344183  
19.80210741  
15.72891116  
-13.83752462  
-18.52134689  
8.423904003  
-38.12435755  
-23.63023108  
-2.441014315  
20.94451286  
-2.487994012  
-7.647509292  
1.389183777  
