8.737555438  
19.98874619  
4.092061851  
-6.595656647  
5.352893167  
-15.38354325  
-6.623676398  
22.61330376  
3.663368535  
-24.23103364  
13.74255218  
-10.27998538  
-7.182859858  
1.050238024  
-16.94903399  
15.59539074  
15.51322075  
0.3379057996  
-15.4388257  
-2.324561655  
9.452586029  
26.84840993  
-17.02010864  
24.83157574  
13.95097488  
15.07065113  
-14.14008709  
11.74525118  
11.59838311  
11.74682675  
3.339549337  
19.0935363  
37.94289057  
3.13299372  
18.19445073  
4.675363017  
23.54781324  
22.36098055  
14.73769709  
21.79097218  
10.54126481  
-2.219624149  
-17.85336841  
6.731576741  
9.355377492  
0.4091135637  
18.53359064  
-4.700507289  
10.04811133  
-3.591697531  
-4.665369903  
15.85485627  
18.69471559  
8.890572921  
-1.223306809  
10.93081314  
6.515690933  
-4.164611639  
11.64455561  
3.69789926  
15.44992411  
18.58361029  
-31.23431715  
10.89554658  
-18.20925239  
1.955753881  
1.893214306  
15.81830682  
7.441954341  
8.079577482  
3.646764214  
-1.897414469  
9.950928905  
27.55273594  
11.38619664  
0.6476537939  
16.03320505  
-4.045139386  
8.611067041  
33.08242409  
34.14788096  
-26.57960576  
16.66840363  
4.342489927  
10.48261117  
6.419889276  
31.52009867  
7.893787714  
-13.15185076  
15.63314156  
5.176752769  
-15.22794927  
-2.122567256  
