37.92355212  
20.78671756  
11.17542087  
11.62704701  
48.24484477  
-13.22444171  
-7.447198789  
6.563429919  
1.376460098  
-5.80908511  
7.959827492  
0.9826549365  
-3.277136238  
20.64246931  
-48.58665874  
-3.641249937  
-7.583226859  
14.74312178  
0.7161487738  
-11.57021336  
17.8969032  
27.96864727  
-4.579138212  
70.36821595  
15.86281677  
45.29934524  
-22.15783223  
-5.893085166  
21.26971472  
-6.712101935  
2.677864236  
17.35810289  
53.16293501  
-3.941328844  
42.2171408  
-17.88159257  
42.39142033  
60.98507059  
19.87708797  
54.43103287  
8.045241024  
16.36475179  
-15.08356566  
10.11765423  
-0.357221571  
24.34819308  
7.353292073  
-20.90532888  
10.32656963  
3.617216185  
-10.52445152  
17.39996585  
36.92738543  
20.17748676  
-9.935213058  
22.12487191  
-0.9110330495  
-26.94987374  
3.765382489  
-15.24343693  
17.23983696  
30.35716141  
-40.9378304  
21.09953703  
-52.37889713  
-5.33222071  
-9.653442173  
49.24783034  
12.31591588  
40.12754707  
20.42229014  
17.00236996  
8.758834499  
63.99065452  
38.44549087  
0.2401276759  
16.94966408  
-8.61839525  
-2.750623224  
14.98157437  
126.8913227  
-8.487588529  
33.55929344  
-9.376880565  
-10.25956747  
15.78579683  
-6.604258716  
-15.67119729  
-16.83409168  
37.27107543  
1.051121414  
-22.08636596  
-0.2819378014  
