7.466896745  
-11.32796006  
-11.26187886  
-17.3682754  
5.938451085  
11.41686401  
4.010214496  
-11.38770054  
-13.47583097  
-3.773860054  
6.240030953  
9.880393228  
12.81798598  
8.466183199  
-22.51586638  
-7.638352282  
6.465485467  
8.052170477  
23.07188062  
-4.809949043  
-8.935184336  
2.494655536  
2.321116738  
-29.52133402  
-1.807414201  
12.13481015  
-0.005187872732  
-3.597984822  
16.84837715  
6.019301188  
10.41841972  
1.687465802  
27.41352581  
5.689214023  
-12.0358564  
1.990324429  
0.2909006709  
3.839548387  
0.06133981662  
5.439061381  
1.375321365  
-22.72555389  
10.80421445  
-3.009507631  
-4.943936484  
-5.292735433  
-8.473510933  
2.695682758  
-3.372399487  
-6.949422102  
-3.742038048  
-1.842328204  
5.954737482  
-0.00340453104  
3.792867324  
5.064867915  
-3.724895067  
-0.1490408156  
0.8152540078  
-6.857350668  
0.04833859441  
-2.101559989  
-10.01826076  
4.870291633  
-0.3088168923  
-0.4523097692  
-1.482374453  
-7.177203515  
1.29174647  
0.5492844678  
-1.464676201  
5.260485467  
-3.604873079  
6.86780211  
-1.891588034  
-4.022407572  
6.315843248  
7.212992843  
1.247861685  
2.475860688  
-0.6175262713  
1.856670127  
7.580313428  
-6.252185142  
7.073572142  
1.702127435  
-12.0311032  
-2.937657763  
3.610315435  
1.681922736  
-3.151486477  
2.816179301  
10.79832775  
