17.05213955  
46.93047696  
-23.33193612  
-2.365353112  
77.12284293  
34.80236293  
9.284103183  
24.04261312  
13.66876484  
-24.73268414  
0.04733537268  
16.3385341  
3.125440736  
10.72759437  
20.82014952  
-23.61346463  
3.391620516  
20.60212909  
10.24907084  
68.64117392  
-15.13596424  
14.3126694  
45.97685695  
22.67257286  
34.77960593  
20.65435403  
39.98193663  
45.39220189  
77.27890644  
9.551620256  
65.15615685  
15.80024185  
7.951241713  
34.62333384  
18.17161734  
31.35729332  
17.51611977  
66.62462808  
4.47371289  
4.842286786  
59.32010895  
33.47928239  
17.53150246  
25.54585385  
8.315662062  
-0.8745398332  
-4.656113828  
35.64481437  
35.60427107  
-4.430257109  
-11.52240234  
25.4031432  
15.42148692  
10.80387734  
32.28233609  
9.529738556  
9.553680084  
18.90799535  
16.14381146  
16.15940266  
53.25665055  
17.97697583  
-6.759536155  
-13.71956907  
1.247422299  
40.75884067  
32.70999972  
9.485667267  
30.16797204  
12.34011512  
-24.22154838  
30.30519066  
3.588267553  
29.03569711  
13.96147269  
0.8154626703  
28.11626589  
36.2647418  
10.6378777  
60.04555442  
3.454257359  
85.60637629  
47.72114001  
39.96003952  
-51.13933454  
20.49955912  
-34.12300777  
26.56048532  
-3.827817572  
51.04631507  
14.61539703  
29.3832596  
2.217635694  
