-21.28976745  
11.69486313  
1.219021188  
-16.05022479  
-20.20103177  
16.9257961  
5.893779353  
1.09954132  
-5.065094913  
-1.416273367  
15.47078074  
4.351439369  
33.96742842  
-60.65794298  
10.65792557  
-24.13851656  
-6.145737716  
-6.928067553  
8.49368686  
6.725406785  
5.160056656  
-3.998330945  
0.9011816814  
18.72530033  
-4.754281183  
-7.404462661  
-0.2704272142  
25.65536742  
-13.78593651  
-16.09205804  
-17.06083517  
4.514342042  
24.30548352  
-4.642037188  
7.174261684  
14.92077964  
11.45112816  
-6.609960296  
-9.712612019  
4.288478632  
30.15889337  
-17.03494603  
-5.768220537  
-9.938541836  
4.80670688  
8.569312723  
6.633894893  
16.55422636  
-1.938832313  
-0.3029064079  
11.45218973  
-0.7114064363  
-2.070135849  
7.039099092  
-1.161006935  
-8.178123655  
3.955970926  
4.190216673  
6.912173589  
-0.8588225198  
-6.418217828  
4.940481594  
16.78293498  
-10.49071019  
-6.123763183  
-2.93205416  
-0.1754477125  
5.554147948  
-0.1995713718  
-1.008759226  
5.275967256  
-7.173454145  
-7.055971566  
6.537542771  
2.785662414  
6.801465176  
-12.29172884  
-3.872904406  
6.168867192  
4.483389796  
11.81396552  
1.358875654  
-5.451959766  
-10.89563678  
3.917699628  
1.596072541  
-2.783140654  
5.100405829  
0.1904638874  
-4.147352759  
-4.848741477  
-14.08427761  
5.585109424  
