5.258956854  
18.87441967  
-2.621412047  
58.80888596  
-62.48765354  
-12.41167374  
-105.4599582  
21.92311099  
13.34911399  
47.62980512  
4.863338856  
124.5113871  
38.96601178  
-4.082285379  
47.55061439  
29.765622  
-24.97100662  
-1.675279304  
1.984545536  
23.75280874  
22.60418696  
36.46174782  
21.39212521  
-20.1867752  
25.18298126  
20.43140839  
11.71331828  
-22.0984086  
100.4254856  
9.042027186  
-21.14051966  
-19.44490234  
-11.86527326  
33.28125968  
1.010774978  
2.655487605  
-20.67441053  
-41.10014369  
-7.881437312  
38.97231635  
-38.55235179  
2.669235595  
-1.62923434  
26.73728449  
-49.24087588  
-38.8961044  
7.812921365  
31.13491263  
25.62252467  
15.74086989  
13.89839955  
