-107.9857689  
86.39291813  
207.9268829  
15.66221011  
-74.51769673  
-165.7489119  
5.818918371  
6.163554883  
46.68992682  
-35.86057827  
-65.2936856  
53.95477465  
-32.59914627  
-80.74240807  
-45.44329682  
34.67548181  
-53.17561949  
-36.72436164  
31.7902969  
46.85515128  
-58.75409271  
183.7715757  
-13.5345007  
-52.49047073  
-1.294630678  
90.21567518  
60.71699244  
-24.16366267  
48.6069996  
10.8102885  
15.73297021  
3.997882187  
111.2109351  
-138.0081861  
108.8088044  
60.72761397  
62.83541374  
7.30189534  
56.50936604  
43.84940966  
-30.65057127  
-23.35354227  
27.66060324  
-10.39599015  
204.9841482  
102.1631986  
-36.92412091  
-32.7319883  
96.50730673  
-226.3441742  
-39.67716792  
