55.45548253  
-32.54412011  
-20.98271824  
12.37160612  
18.36463235  
20.00261882  
17.47008991  
31.81067751  
-13.96809406  
26.04724072  
-1.625299492  
-12.46860107  
9.109834426  
-22.32392422  
7.638071979  
6.336677828  
12.94686482  
32.69833643  
49.46454005  
13.70910904  
-6.207701529  
-17.37457499  
13.58340723  
8.198652307  
4.489756146  
19.69508535  
-16.88242812  
-16.25515388  
19.83143509  
6.421141363  
66.4733867  
2.374618451  
-27.37949543  
15.24533819  
-16.86443978  
46.85320238  
-8.081401236  
-4.927271791  
-20.37066616  
-4.786112036  
-15.74179301  
-19.77361797  
5.874170665  
-26.08413317  
-0.4265639782  
7.219083241  
7.190381811  
3.885910718  
25.70298551  
-37.69817973  
-12.55572567  
0.2339996638  
