9.634945859  
2.560838387  
16.77571678  
-37.39914647  
-21.19220097  
-5.876595596  
143.9687511  
-14.98471403  
-45.64641219  
53.92476873  
30.671994  
4.770549818  
42.69126792  
-14.82554107  
14.87580499  
-111.9359114  
-29.95717981  
-5.278250738  
-18.66372658  
47.10444724  
2.353601504  
23.18991903  
-2.892162954  
42.83398431  
25.03867626  
28.44959692  
-2.356769585  
17.53614873  
-9.580678932  
43.65924332  
-16.65279203  
25.70693098  
79.72274871  
20.55911331  
-28.28921317  
-24.74224238  
0.1146726031  
14.89535129  
34.12610439  
-6.033192358  
-14.95568454  
12.0930949  
2.974511591  
40.95899981  
22.64755605  
31.26394434  
-5.16558035  
19.26747082  
20.94840703  
-64.58648811  
-38.63103547  
