43.50152487  
-34.46728895  
8.736033966  
90.22452663  
-8.022123277  
22.55392853  
11.71826739  
-44.11231288  
-23.50693056  
21.32590462  
-23.13736543  
-10.32286336  
-39.79194641  
-52.58923026  
11.71224151  
-30.53786952  
35.51374435  
-30.39328731  
4.488209234  
12.96756054  
4.220031383  
75.76464019  
3.795179339  
-51.1516201  
-36.28012939  
70.5839023  
-92.89934169  
10.44643152  
-16.77219369  
-2.285545451  
-6.869264238  
18.02006163  
14.74094143  
-23.42281961  
34.59610888  
-74.71204805  
0.8836947075  
-6.494943254  
34.91459734  
33.68157638  
24.27318871  
-32.23813983  
4.453705441  
54.54747311  
38.74039132  
13.50858717  
-41.93855806  
46.38704816  
-5.810753042  
14.79947892  
16.21677185  
78.2268371  
39.13526414  
