-18.03760907  
182.7743944  
11.84035452  
40.62228841  
-11.97005025  
-111.1236494  
152.9465748  
-84.01463911  
-133.9994745  
123.62507  
237.1993113  
31.76533433  
-57.93605686  
57.32450337  
-310.3292653  
27.28899522  
-79.92195419  
151.5288683  
60.60596436  
90.56907532  
-46.23161429  
180.7667155  
128.9195286  
-83.92011971  
-32.65634045  
-183.7801787  
-249.818649  
89.66295588  
10.31774191  
-33.61249858  
-42.37881276  
40.87198719  
38.07369651  
-128.2072629  
16.87736309  
-19.36564593  
-87.42567977  
-38.13824614  
57.73960374  
68.04246046  
120.428458  
5.527734362  
50.80666951  
16.71590098  
52.06650117  
-40.4973387  
152.4130656  
106.8567677  
-4.209829246  
-9.548765709  
4.648627396  
11.06883684  
