-27.24811167  
24.6980673  
125.3359594  
96.24963557  
-51.83725756  
10.65081471  
-12.25389176  
-13.73700852  
27.2693016  
28.44907496  
6.617650669  
3.397308423  
53.04486967  
46.48035641  
23.58058454  
11.52660923  
-9.401961337  
23.15098119  
7.370362241  
44.67298439  
-16.56950118  
-25.64865784  
12.51997711  
-73.22122205  
8.587901229  
28.79518612  
26.36794219  
-63.78234811  
27.58197373  
-19.31840189  
15.02244881  
30.80114512  
-45.61630796  
8.839659762  
29.44586721  
9.764680837  
-17.36496635  
-27.87998553  
17.71855704  
5.254211805  
-28.82007152  
26.97957395  
-13.80900739  
-34.07627149  
50.24431946  
-105.5350675  
-15.5253821  
10.35253409  
-38.6555107  
-51.54304292  
41.6368422  
