44.22737234  
-3.99721842  
27.01089551  
36.26372411  
-8.044239922  
26.60857207  
19.7714458  
-12.15525438  
-27.08621551  
-1.519577536  
18.64578248  
-16.59293656  
-0.9576821137  
26.97355753  
46.5576008  
-20.71948057  
19.56086191  
3.113992441  
24.34589876  
34.87417593  
-11.93905797  
-35.05355619  
23.28820585  
-6.250925626  
11.8211457  
52.53353663  
-4.089898793  
-65.96059479  
29.79137898  
42.06718265  
14.43624727  
40.0231587  
7.984152665  
28.14382361  
9.316330873  
8.540911052  
-17.81531881  
-54.17200119  
-6.808914317  
26.97066749  
15.35551027  
-30.87118516  
-8.193441984  
29.35236032  
-3.460531129  
-91.16251178  
-3.296585234  
46.08209162  
10.38471755  
-0.06804821144  
38.8398353  
43.47551256  
20.40297245  
