-78.78803827  
48.77817462  
180.8573727  
-92.22509117  
43.84554812  
-120.3722863  
0.8830299568  
-23.88858431  
-34.28457026  
-114.7038351  
33.7353687  
106.552758  
-32.14515692  
-80.42602857  
-73.05522233  
-168.7582053  
-82.13528572  
-72.59786519  
25.44111375  
48.95163993  
-68.74761323  
231.0368207  
-48.13939948  
-66.63957777  
-0.6643667057  
220.3267799  
52.5772435  
-45.06634648  
45.76635596  
10.7893618  
128.2388056  
9.770690919  
122.4620643  
-137.1604514  
125.1572796  
-21.29253567  
87.07483873  
-6.300261302  
92.64770138  
-24.8409221  
-38.13885168  
-41.79592891  
-15.4480219  
30.19498263  
79.80451413  
209.4747453  
33.39882106  
93.78050613  
97.75211424  
-322.8718629  
-35.28100232  
