-4.837216e+00 1.402305e+01 -1.402305e+01 2.320888e+01
4.010554e-01 1.402305e+01 -1.402305e+01 2.844715e+01
-2.307423e+01 1.402305e+01 -1.402305e+01 4.971865e+00
1.562506e+01 1.402305e+01 -1.402305e+01 4.367115e+01
3.200118e+00 1.402305e+01 -1.402305e+01 3.124622e+01
-7.242082e+01 1.402305e+01 -1.402305e+01 -4.437472e+01
2.905143e+01 1.402305e+01 -1.402305e+01 5.709753e+01
-2.150866e+01 1.402305e+01 -1.402305e+01 6.537437e+00
-5.337446e+01 1.402305e+01 -1.402305e+01 -2.532836e+01
-2.379847e+01 1.402305e+01 -1.402305e+01 4.247631e+00
-6.275812e+01 1.402305e+01 -1.402305e+01 -3.471202e+01
-1.598539e+01 1.402305e+01 -1.402305e+01 1.206071e+01
7.512361e+00 1.402305e+01 -1.402305e+01 3.555846e+01
-5.536525e+01 1.402305e+01 -1.402305e+01 -2.731915e+01
-3.099270e+01 1.402305e+01 -1.402305e+01 -2.946598e+00
-1.654895e+01 1.402305e+01 -1.402305e+01 1.149715e+01
-4.538147e+01 1.402305e+01 -1.402305e+01 -1.733537e+01
-1.245705e+02 1.402305e+01 -1.402305e+01 -9.652439e+01
-2.308635e+01 1.402305e+01 -1.402305e+01 4.959753e+00
-1.681269e+01 1.402305e+01 -1.402305e+01 1.123341e+01
2.787045e+01 1.402305e+01 -1.402305e+01 5.591655e+01
-4.138408e+01 1.402305e+01 -1.402305e+01 -1.333798e+01
2.787692e+00 1.402305e+01 -1.402305e+01 3.083379e+01
3.885848e+00 1.402305e+01 -1.402305e+01 3.193195e+01
2.724597e+00 1.402305e+01 -1.402305e+01 3.077070e+01
-4.605153e+01 1.402305e+01 -1.402305e+01 -1.800543e+01
2.587343e+01 1.402305e+01 -1.402305e+01 5.391953e+01
1.877830e+01 1.402305e+01 -1.402305e+01 4.682440e+01
1.821169e+01 1.402305e+01 -1.402305e+01 4.625779e+01
-6.836429e+01 1.402305e+01 -1.402305e+01 -4.031819e+01
9.577016e+00 1.402305e+01 -1.402305e+01 3.762311e+01
2.739863e+01 1.402305e+01 -1.402305e+01 5.544473e+01
-2.848895e+01 1.402305e+01 -1.402305e+01 -4.428558e-01
4.108451e+01 1.402305e+01 -1.402305e+01 6.913061e+01
-3.554739e+00 1.402305e+01 -1.402305e+01 2.449136e+01
3.102513e+01 1.402305e+01 -1.402305e+01 5.907122e+01
-2.154758e+01 1.402305e+01 -1.402305e+01 6.498520e+00
-2.593184e+01 1.402305e+01 -1.402305e+01 2.114254e+00
-1.528279e+01 1.402305e+01 -1.402305e+01 1.276330e+01
-2.660602e+01 1.402305e+01 -1.402305e+01 1.440079e+00
-4.468075e+00 1.402305e+01 -1.402305e+01 2.357802e+01
-3.667126e+01 1.402305e+01 -1.402305e+01 -8.625166e+00
1.576368e+01 1.402305e+01 -1.402305e+01 4.380978e+01
-2.788011e+01 1.402305e+01 -1.402305e+01 1.659870e-01
-2.753524e+00 1.402305e+01 -1.402305e+01 2.529257e+01
8.481496e+00 1.402305e+01 -1.402305e+01 3.652759e+01
-1.868665e+00 1.402305e+01 -1.402305e+01 2.617743e+01
-2.210143e+01 1.402305e+01 -1.402305e+01 5.944672e+00
-2.973194e+01 1.402305e+01 -1.402305e+01 -1.685837e+00
-6.505174e+01 1.402305e+01 -1.402305e+01 -3.700564e+01
-4.572831e+00 1.402305e+01 -1.402305e+01 2.347327e+01
-2.529196e+01 1.402305e+01 -1.402305e+01 2.754141e+00
-2.824743e+01 1.402305e+01 -1.402305e+01 -2.013302e-01
3.570552e+01 1.402305e+01 -1.402305e+01 6.375162e+01
-8.466687e+01 1.402305e+01 -1.402305e+01 -5.662077e+01
-2.300517e+01 1.402305e+01 -1.402305e+01 5.040930e+00
5.981673e-01 1.402305e+01 -1.402305e+01 2.864427e+01
1.258155e+01 1.402305e+01 -1.402305e+01 4.062765e+01
-2.724202e+01 1.402305e+01 -1.402305e+01 8.040829e-01
-2.494236e+01 1.402305e+01 -1.402305e+01 3.103741e+00
2.518884e+01 1.402305e+01 -1.402305e+01 5.323494e+01
-7.536306e+01 1.402305e+01 -1.402305e+01 -4.731696e+01
1.312186e+00 1.402305e+01 -1.402305e+01 2.935828e+01
-3.779495e+01 1.402305e+01 -1.402305e+01 -9.748850e+00
1.879587e+01 1.402305e+01 -1.402305e+01 4.684197e+01
-3.504843e+01 1.402305e+01 -1.402305e+01 -7.002329e+00
-5.827971e+01 1.402305e+01 -1.402305e+01 -3.023361e+01
1.564212e+01 1.402305e+01 -1.402305e+01 4.368822e+01
-1.626114e+01 1.402305e+01 -1.402305e+01 1.178496e+01
2.217410e+01 1.402305e+01 -1.402305e+01 5.022020e+01
3.354385e-01 1.402305e+01 -1.402305e+01 2.838154e+01
-2.821407e+01 1.402305e+01 -1.402305e+01 -1.679745e-01
-2.552742e+01 1.402305e+01 -1.402305e+01 2.518682e+00
-1.586160e+01 1.402305e+01 -1.402305e+01 1.218450e+01
1.517826e+01 1.402305e+01 -1.402305e+01 4.322435e+01
-2.697729e+01 1.402305e+01 -1.402305e+01 1.068806e+00
-2.804360e+01 1.402305e+01 -1.402305e+01 2.496719e-03
-2.190277e+01 1.402305e+01 -1.402305e+01 6.143326e+00
-1.815783e+01 1.402305e+01 -1.402305e+01 9.888269e+00
-1.557745e+00 1.402305e+01 -1.402305e+01 2.648835e+01
6.367355e+01 1.402305e+01 -1.402305e+01 9.171965e+01
-4.333495e+01 1.402305e+01 -1.402305e+01 -1.528885e+01
-3.822378e+00 1.402305e+01 -1.402305e+01 2.422372e+01
-1.676021e+01 1.402305e+01 -1.402305e+01 1.128588e+01
4.702228e+01 1.402305e+01 -1.402305e+01 7.506838e+01
-1.846929e+01 1.402305e+01 -1.402305e+01 9.576813e+00
-1.376179e+02 1.402305e+01 -1.402305e+01 -1.095718e+02
-2.159577e+01 1.402305e+01 -1.402305e+01 6.450333e+00
-9.172385e+00 1.402305e+01 -1.402305e+01 1.887371e+01
-3.482436e+01 1.402305e+01 -1.402305e+01 -6.778257e+00
-3.049037e+01 1.402305e+01 -1.402305e+01 -2.444273e+00
-2.410040e+01 1.402305e+01 -1.402305e+01 3.945698e+00
-1.389283e+01 1.402305e+01 -1.402305e+01 1.415326e+01
