6.520512e+01 2.177348e+01 2.177348e+01 6.520512e+01
-2.001808e+01 2.177348e+01 2.177348e+01 -2.001808e+01
3.585127e+01 2.177348e+01 2.177348e+01 3.585127e+01
4.804094e+01 2.177348e+01 2.177348e+01 4.804094e+01
3.797836e+01 2.177348e+01 2.177348e+01 3.797836e+01
1.606682e+01 2.177348e+01 2.177348e+01 1.606682e+01
4.912694e+01 2.177348e+01 2.177348e+01 4.912694e+01
2.745556e+01 2.177348e+01 2.177348e+01 2.745556e+01
-1.076528e+01 2.177348e+01 2.177348e+01 -1.076528e+01
-3.456704e+01 2.177348e+01 2.177348e+01 -3.456704e+01
-1.026256e+01 2.177348e+01 2.177348e+01 -1.026256e+01
-1.415759e+01 2.177348e+01 2.177348e+01 -1.415759e+01
3.666725e+01 2.177348e+01 2.177348e+01 3.666725e+01
4.586971e+01 2.177348e+01 2.177348e+01 4.586971e+01
-2.838374e+01 2.177348e+01 2.177348e+01 -2.838374e+01
2.286204e+01 2.177348e+01 2.177348e+01 2.286204e+01
-2.564851e+01 2.177348e+01 2.177348e+01 -2.564851e+01
2.530843e+01 2.177348e+01 2.177348e+01 2.530843e+01
6.776399e+01 2.177348e+01 2.177348e+01 6.776399e+01
4.684493e+01 2.177348e+01 2.177348e+01 4.684493e+01
-2.297456e+01 2.177348e+01 2.177348e+01 -2.297456e+01
1.234850e+01 2.177348e+01 2.177348e+01 1.234850e+01
1.843844e+01 2.177348e+01 2.177348e+01 1.843844e+01
4.943891e+01 2.177348e+01 2.177348e+01 4.943891e+01
2.743278e+01 2.177348e+01 2.177348e+01 2.743278e+01
5.790134e+01 2.177348e+01 2.177348e+01 5.790134e+01
-1.586038e+01 2.177348e+01 2.177348e+01 -1.586038e+01
4.215155e+01 2.177348e+01 2.177348e+01 4.215155e+01
4.892385e+01 2.177348e+01 2.177348e+01 4.892385e+01
-2.486167e+01 2.177348e+01 2.177348e+01 -2.486167e+01
2.736979e+01 2.177348e+01 2.177348e+01 2.736979e+01
9.311139e+01 2.177348e+01 2.177348e+01 9.311139e+01
2.104718e+01 2.177348e+01 2.177348e+01 2.104718e+01
-1.411643e-01 2.177348e+01 2.177348e+01 -1.411643e-01
1.084451e+02 2.177348e+01 2.177348e+01 1.084451e+02
-2.019443e+01 2.177348e+01 2.177348e+01 -2.019443e+01
1.744065e+01 2.177348e+01 2.177348e+01 1.744065e+01
5.529065e+01 2.177348e+01 2.177348e+01 5.529065e+01
1.858646e+01 2.177348e+01 2.177348e+01 1.858646e+01
-1.334483e+01 2.177348e+01 2.177348e+01 -1.334483e+01
7.509100e+01 2.177348e+01 2.177348e+01 7.509100e+01
1.505724e+01 2.177348e+01 2.177348e+01 1.505724e+01
3.981167e+01 2.177348e+01 2.177348e+01 3.981167e+01
3.116771e+01 2.177348e+01 2.177348e+01 3.116771e+01
2.071016e+00 2.177348e+01 2.177348e+01 2.071016e+00
-7.425065e+00 2.177348e+01 2.177348e+01 -7.425065e+00
3.809550e+01 2.177348e+01 2.177348e+01 3.809550e+01
7.550706e+01 2.177348e+01 2.177348e+01 7.550706e+01
1.295706e+01 2.177348e+01 2.177348e+01 1.295706e+01
6.478383e+00 2.177348e+01 2.177348e+01 6.478383e+00
-9.286033e+00 2.177348e+01 2.177348e+01 -9.286033e+00
3.681399e+01 2.177348e+01 2.177348e+01 3.681399e+01
4.979878e+00 2.177348e+01 2.177348e+01 4.979878e+00
2.863857e+01 2.177348e+01 2.177348e+01 2.863857e+01
1.798358e+01 2.177348e+01 2.177348e+01 1.798358e+01
4.421620e+01 2.177348e+01 2.177348e+01 4.421620e+01
-1.790827e+01 2.177348e+01 2.177348e+01 -1.790827e+01
6.232376e+01 2.177348e+01 2.177348e+01 6.232376e+01
-4.087981e+00 2.177348e+01 2.177348e+01 -4.087981e+00
7.034121e+01 2.177348e+01 2.177348e+01 7.034121e+01
-1.547041e+01 2.177348e+01 2.177348e+01 -1.547041e+01
1.851731e+01 2.177348e+01 2.177348e+01 1.851731e+01
2.467439e+01 2.177348e+01 2.177348e+01 2.467439e+01
3.195394e+01 2.177348e+01 2.177348e+01 3.195394e+01
4.416082e+01 2.177348e+01 2.177348e+01 4.416082e+01
-1.265529e+01 2.177348e+01 2.177348e+01 -1.265529e+01
5.342651e+01 2.177348e+01 2.177348e+01 5.342651e+01
8.195117e+01 2.177348e+01 2.177348e+01 8.195117e+01
3.699677e+01 2.177348e+01 2.177348e+01 3.699677e+01
6.203096e+01 2.177348e+01 2.177348e+01 6.203096e+01
-1.709500e+01 2.177348e+01 2.177348e+01 -1.709500e+01
-1.133885e+01 2.177348e+01 2.177348e+01 -1.133885e+01
1.701898e+00 2.177348e+01 2.177348e+01 1.701898e+00
8.464321e+01 2.177348e+01 2.177348e+01 8.464321e+01
2.388833e+01 2.177348e+01 2.177348e+01 2.388833e+01
2.094722e+01 2.177348e+01 2.177348e+01 2.094722e+01
1.478054e+01 2.177348e+01 2.177348e+01 1.478054e+01
2.685400e+01 2.177348e+01 2.177348e+01 2.685400e+01
2.420867e+01 2.177348e+01 2.177348e+01 2.420867e+01
1.669318e+01 2.177348e+01 2.177348e+01 1.669318e+01
5.476180e+01 2.177348e+01 2.177348e+01 5.476180e+01
1.500508e+01 2.177348e+01 2.177348e+01 1.500508e+01
6.427453e+01 2.177348e+01 2.177348e+01 6.427453e+01
3.090454e+01 2.177348e+01 2.177348e+01 3.090454e+01
-7.416362e+00 2.177348e+01 2.177348e+01 -7.416362e+00
3.001845e+01 2.177348e+01 2.177348e+01 3.001845e+01
-3.290495e+01 2.177348e+01 2.177348e+01 -3.290495e+01
-1.120208e+01 2.177348e+01 2.177348e+01 -1.120208e+01
6.053544e+01 2.177348e+01 2.177348e+01 6.053544e+01
2.882769e+01 2.177348e+01 2.177348e+01 2.882769e+01
5.282658e+01 2.177348e+01 2.177348e+01 5.282658e+01
4.759481e+01 2.177348e+01 2.177348e+01 4.759481e+01
1.953958e+01 2.177348e+01 2.177348e+01 1.953958e+01
