-1.217133e+00 1.456070e+01 -1.456070e+01 2.790426e+01
-2.195498e+01 1.456070e+01 -1.456070e+01 7.166416e+00
1.267684e+00 1.456070e+01 -1.456070e+01 3.038908e+01
3.270545e+01 1.456070e+01 -1.456070e+01 6.182684e+01
-8.076981e+01 1.456070e+01 -1.456070e+01 -5.164842e+01
1.033911e+01 1.456070e+01 -1.456070e+01 3.946051e+01
-9.126305e+00 1.456070e+01 -1.456070e+01 1.999509e+01
1.049550e+01 1.456070e+01 -1.456070e+01 3.961689e+01
-6.134227e+01 1.456070e+01 -1.456070e+01 -3.222088e+01
-2.332205e+01 1.456070e+01 -1.456070e+01 5.799345e+00
-4.433161e+01 1.456070e+01 -1.456070e+01 -1.521022e+01
-4.892310e+01 1.456070e+01 -1.456070e+01 -1.980171e+01
6.310225e+01 1.456070e+01 -1.456070e+01 9.222364e+01
-6.886095e+01 1.456070e+01 -1.456070e+01 -3.973956e+01
-9.379001e+01 1.456070e+01 -1.456070e+01 -6.466861e+01
3.542933e+00 1.456070e+01 -1.456070e+01 3.266433e+01
-5.217974e+01 1.456070e+01 -1.456070e+01 -2.305835e+01
-4.491437e+01 1.456070e+01 -1.456070e+01 -1.579298e+01
1.687288e+01 1.456070e+01 -1.456070e+01 4.599427e+01
3.693337e+00 1.456070e+01 -1.456070e+01 3.281473e+01
-3.768913e+01 1.456070e+01 -1.456070e+01 -8.567737e+00
6.096526e+00 1.456070e+01 -1.456070e+01 3.521792e+01
-4.299254e+01 1.456070e+01 -1.456070e+01 -1.387114e+01
-3.359300e+01 1.456070e+01 -1.456070e+01 -4.471612e+00
-6.669980e+00 1.456070e+01 -1.456070e+01 2.245141e+01
-1.318912e+01 1.456070e+01 -1.456070e+01 1.593227e+01
7.373512e-01 1.456070e+01 -1.456070e+01 2.985874e+01
-9.278667e+00 1.456070e+01 -1.456070e+01 1.984273e+01
2.350654e+01 1.456070e+01 -1.456070e+01 5.262793e+01
-3.716415e+01 1.456070e+01 -1.456070e+01 -8.042758e+00
-1.574400e+01 1.456070e+01 -1.456070e+01 1.337739e+01
2.998851e+01 1.456070e+01 -1.456070e+01 5.910990e+01
-3.757386e+01 1.456070e+01 -1.456070e+01 -8.452471e+00
-4.749934e+01 1.456070e+01 -1.456070e+01 -1.837795e+01
-1.687736e+01 1.456070e+01 -1.456070e+01 1.224403e+01
3.668575e-01 1.456070e+01 -1.456070e+01 2.948825e+01
-5.613327e+00 1.456070e+01 -1.456070e+01 2.350807e+01
3.038141e+01 1.456070e+01 -1.456070e+01 5.950280e+01
-3.895275e+01 1.456070e+01 -1.456070e+01 -9.831353e+00
-3.436299e+01 1.456070e+01 -1.456070e+01 -5.241601e+00
-1.460880e+01 1.456070e+01 -1.456070e+01 1.451260e+01
-4.221925e+01 1.456070e+01 -1.456070e+01 -1.309786e+01
-1.855334e-01 1.456070e+01 -1.456070e+01 2.893586e+01
-1.555191e+01 1.456070e+01 -1.456070e+01 1.356949e+01
8.132275e+00 1.456070e+01 -1.456070e+01 3.725367e+01
-8.470328e+00 1.456070e+01 -1.456070e+01 2.065106e+01
-1.068921e+01 1.456070e+01 -1.456070e+01 1.843219e+01
9.537990e+00 1.456070e+01 -1.456070e+01 3.865938e+01
-4.518296e+01 1.456070e+01 -1.456070e+01 -1.606156e+01
-3.756142e+01 1.456070e+01 -1.456070e+01 -8.440025e+00
-2.420389e+01 1.456070e+01 -1.456070e+01 4.917500e+00
1.047156e+00 1.456070e+01 -1.456070e+01 3.016855e+01
-3.070364e+00 1.456070e+01 -1.456070e+01 2.605103e+01
-1.054867e+01 1.456070e+01 -1.456070e+01 1.857273e+01
-6.092104e+01 1.456070e+01 -1.456070e+01 -3.179965e+01
4.399932e+00 1.456070e+01 -1.456070e+01 3.352132e+01
4.376375e+00 1.456070e+01 -1.456070e+01 3.349777e+01
-3.220232e+01 1.456070e+01 -1.456070e+01 -3.080927e+00
-2.053630e-01 1.456070e+01 -1.456070e+01 2.891603e+01
-1.809429e+01 1.456070e+01 -1.456070e+01 1.102710e+01
2.691281e+01 1.456070e+01 -1.456070e+01 5.603420e+01
1.378366e-01 1.456070e+01 -1.456070e+01 2.925923e+01
-5.012398e+00 1.456070e+01 -1.456070e+01 2.410899e+01
-3.664565e+01 1.456070e+01 -1.456070e+01 -7.524255e+00
-1.116689e+01 1.456070e+01 -1.456070e+01 1.795451e+01
-4.291302e+01 1.456070e+01 -1.456070e+01 -1.379163e+01
-7.688495e+01 1.456070e+01 -1.456070e+01 -4.776356e+01
1.371210e+01 1.456070e+01 -1.456070e+01 4.283350e+01
-2.176396e+01 1.456070e+01 -1.456070e+01 7.357432e+00
3.176146e+01 1.456070e+01 -1.456070e+01 6.088285e+01
-4.950856e+00 1.456070e+01 -1.456070e+01 2.417054e+01
-3.400780e+01 1.456070e+01 -1.456070e+01 -4.886404e+00
-2.314795e+00 1.456070e+01 -1.456070e+01 2.680660e+01
-7.916785e-01 1.456070e+01 -1.456070e+01 2.832971e+01
-6.234876e+00 1.456070e+01 -1.456070e+01 2.288652e+01
-1.185169e+01 1.456070e+01 -1.456070e+01 1.726971e+01
-1.012722e+01 1.456070e+01 -1.456070e+01 1.899418e+01
-3.758012e+01 1.456070e+01 -1.456070e+01 -8.458723e+00
-5.301149e+01 1.456070e+01 -1.456070e+01 -2.389010e+01
2.130068e+01 1.456070e+01 -1.456070e+01 5.042207e+01
5.003074e+00 1.456070e+01 -1.456070e+01 3.412447e+01
-3.538878e+01 1.456070e+01 -1.456070e+01 -6.267392e+00
-2.089006e+01 1.456070e+01 -1.456070e+01 8.231337e+00
-2.349850e+01 1.456070e+01 -1.456070e+01 5.622891e+00
2.530369e+00 1.456070e+01 -1.456070e+01 3.165176e+01
3.320375e-01 1.456070e+01 -1.456070e+01 2.945343e+01
-6.343528e+01 1.456070e+01 -1.456070e+01 -3.431389e+01
-2.857374e+01 1.456070e+01 -1.456070e+01 5.476569e-01
-2.710992e+01 1.456070e+01 -1.456070e+01 2.011475e+00
-3.097050e+01 1.456070e+01 -1.456070e+01 -1.849107e+00
-7.703915e+01 1.456070e+01 -1.456070e+01 -4.791776e+01
-2.187620e+01 1.456070e+01 -1.456070e+01 7.245190e+00
-7.915972e+00 1.456070e+01 -1.456070e+01 2.120542e+01
