2.328493e+01 3.246863e+01 3.246863e+01 2.328493e+01
-1.417989e+01 3.246863e+01 3.246863e+01 -1.417989e+01
1.013275e+02 3.246863e+01 3.246863e+01 1.013275e+02
3.871673e+01 3.246863e+01 3.246863e+01 3.871673e+01
1.167572e+02 3.246863e+01 3.246863e+01 1.167572e+02
1.124907e+02 3.246863e+01 3.246863e+01 1.124907e+02
-1.372961e+02 3.246863e+01 3.246863e+01 -1.372961e+02
8.963583e+01 3.246863e+01 3.246863e+01 8.963583e+01
2.321051e+01 3.246863e+01 3.246863e+01 2.321051e+01
1.209866e+02 3.246863e+01 3.246863e+01 1.209866e+02
1.257844e+01 3.246863e+01 3.246863e+01 1.257844e+01
-1.220648e+01 3.246863e+01 3.246863e+01 -1.220648e+01
1.151786e+02 3.246863e+01 3.246863e+01 1.151786e+02
1.128830e+02 3.246863e+01 3.246863e+01 1.128830e+02
3.782511e+01 3.246863e+01 3.246863e+01 3.782511e+01
9.703319e+01 3.246863e+01 3.246863e+01 9.703319e+01
-1.488646e+01 3.246863e+01 3.246863e+01 -1.488646e+01
8.881017e+01 3.246863e+01 3.246863e+01 8.881017e+01
1.689314e+02 3.246863e+01 3.246863e+01 1.689314e+02
4.158843e+00 3.246863e+01 3.246863e+01 4.158843e+00
5.580824e+01 3.246863e+01 3.246863e+01 5.580824e+01
4.594118e+01 3.246863e+01 3.246863e+01 4.594118e+01
4.729593e+01 3.246863e+01 3.246863e+01 4.729593e+01
1.903197e+02 3.246863e+01 3.246863e+01 1.903197e+02
5.981700e+01 3.246863e+01 3.246863e+01 5.981700e+01
6.842876e+01 3.246863e+01 3.246863e+01 6.842876e+01
4.833764e+00 3.246863e+01 3.246863e+01 4.833764e+00
-1.098467e+02 3.246863e+01 3.246863e+01 -1.098467e+02
3.828812e+01 3.246863e+01 3.246863e+01 3.828812e+01
6.070119e+01 3.246863e+01 3.246863e+01 6.070119e+01
8.414261e+01 3.246863e+01 3.246863e+01 8.414261e+01
-1.306486e+01 3.246863e+01 3.246863e+01 -1.306486e+01
8.494259e+01 3.246863e+01 3.246863e+01 8.494259e+01
-3.622598e+01 3.246863e+01 3.246863e+01 -3.622598e+01
1.993461e+02 3.246863e+01 3.246863e+01 1.993461e+02
2.556798e+01 3.246863e+01 3.246863e+01 2.556798e+01
3.211308e+01 3.246863e+01 3.246863e+01 3.211308e+01
7.848637e+01 3.246863e+01 3.246863e+01 7.848637e+01
4.458493e+01 3.246863e+01 3.246863e+01 4.458493e+01
6.680406e+01 3.246863e+01 3.246863e+01 6.680406e+01
-4.039262e+01 3.246863e+01 3.246863e+01 -4.039262e+01
-1.520801e+01 3.246863e+01 3.246863e+01 -1.520801e+01
7.718502e+01 3.246863e+01 3.246863e+01 7.718502e+01
1.471273e+01 3.246863e+01 3.246863e+01 1.471273e+01
2.167557e+01 3.246863e+01 3.246863e+01 2.167557e+01
-3.062754e+01 3.246863e+01 3.246863e+01 -3.062754e+01
1.908043e+02 3.246863e+01 3.246863e+01 1.908043e+02
7.524976e+01 3.246863e+01 3.246863e+01 7.524976e+01
-5.828238e+00 3.246863e+01 3.246863e+01 -5.828238e+00
4.505539e+01 3.246863e+01 3.246863e+01 4.505539e+01
-3.513526e+01 3.246863e+01 3.246863e+01 -3.513526e+01
1.257937e+01 3.246863e+01 3.246863e+01 1.257937e+01
8.273119e+01 3.246863e+01 3.246863e+01 8.273119e+01
1.861739e+01 3.246863e+01 3.246863e+01 1.861739e+01
-2.549815e+01 3.246863e+01 3.246863e+01 -2.549815e+01
2.199840e+01 3.246863e+01 3.246863e+01 2.199840e+01
4.401165e+01 3.246863e+01 3.246863e+01 4.401165e+01
-1.889627e+01 3.246863e+01 3.246863e+01 -1.889627e+01
9.600555e+01 3.246863e+01 3.246863e+01 9.600555e+01
6.308813e+01 3.246863e+01 3.246863e+01 6.308813e+01
-1.934879e+01 3.246863e+01 3.246863e+01 -1.934879e+01
1.015986e+02 3.246863e+01 3.246863e+01 1.015986e+02
1.493605e+01 3.246863e+01 3.246863e+01 1.493605e+01
1.407902e+02 3.246863e+01 3.246863e+01 1.407902e+02
1.506623e+01 3.246863e+01 3.246863e+01 1.506623e+01
2.744727e+01 3.246863e+01 3.246863e+01 2.744727e+01
1.794049e+01 3.246863e+01 3.246863e+01 1.794049e+01
8.360019e+01 3.246863e+01 3.246863e+01 8.360019e+01
2.454479e+01 3.246863e+01 3.246863e+01 2.454479e+01
6.790299e+01 3.246863e+01 3.246863e+01 6.790299e+01
1.461033e+01 3.246863e+01 3.246863e+01 1.461033e+01
5.184169e+01 3.246863e+01 3.246863e+01 5.184169e+01
-6.148656e+01 3.246863e+01 3.246863e+01 -6.148656e+01
5.954132e+01 3.246863e+01 3.246863e+01 5.954132e+01
5.213340e+01 3.246863e+01 3.246863e+01 5.213340e+01
-2.563019e+01 3.246863e+01 3.246863e+01 -2.563019e+01
2.587597e+01 3.246863e+01 3.246863e+01 2.587597e+01
3.847828e+00 3.246863e+01 3.246863e+01 3.847828e+00
-1.014719e+01 3.246863e+01 3.246863e+01 -1.014719e+01
1.101229e+02 3.246863e+01 3.246863e+01 1.101229e+02
1.866444e+02 3.246863e+01 3.246863e+01 1.866444e+02
-1.322060e+01 3.246863e+01 3.246863e+01 -1.322060e+01
5.589511e+01 3.246863e+01 3.246863e+01 5.589511e+01
7.583254e+01 3.246863e+01 3.246863e+01 7.583254e+01
-9.837611e+01 3.246863e+01 3.246863e+01 -9.837611e+01
1.884397e+01 3.246863e+01 3.246863e+01 1.884397e+01
-1.795597e+02 3.246863e+01 3.246863e+01 -1.795597e+02
-3.476029e+00 3.246863e+01 3.246863e+01 -3.476029e+00
3.722534e+01 3.246863e+01 3.246863e+01 3.722534e+01
2.021193e+01 3.246863e+01 3.246863e+01 2.021193e+01
9.306066e+01 3.246863e+01 3.246863e+01 9.306066e+01
-3.029230e+01 3.246863e+01 3.246863e+01 -3.029230e+01
-2.537330e+01 3.246863e+01 3.246863e+01 -2.537330e+01
