36.41612917  
-37.49105011  
8.320105684  
-9.989891992  
6.06051741  
2.721762246  
87.69511246  
22.83573403  
20.48763375  
-1.983051876  
-59.56461419  
-19.42662779  
20.95528608  
71.93841461  
-88.04565017  
14.64772778  
-11.83432139  
34.1326092  
58.91580555  
63.52803935  
-18.44085202  
-29.47437093  
34.41321583  
16.97210509  
-1.713479021  
-16.94247464  
1.330148861  
-2.830008803  
-4.9452839  
-83.45071832  
57.57789224  
10.93173111  
-78.62547636  
92.43709834  
-43.25328633  
79.03363313  
-6.495177433  
40.62526349  
5.590726931  
-19.10704335  
-10.35804511  
-22.37342326  
-18.15670598  
-19.5551097  
-16.39049238  
-43.36366505  
-27.76213228  
51.11891424  
-0.8535727365  
-62.46377975  
19.71217627  
