-1.849164752  
13.56958754  
-5.562439792  
-25.99835602  
-13.5253313  
3.14069961  
-3.626699825  
14.26777927  
-25.76922752  
-2.935038188  
2.814453121  
9.655249126  
40.48342424  
2.090121864  
-51.36623414  
1.775526663  
32.16720323  
21.01307288  
-8.277724967  
32.79792533  
37.70904176  
10.16220381  
23.42066319  
7.675999631  
-33.78912768  
-8.91335841  
20.43748274  
-7.784470998  
-10.32775565  
-0.8473563468  
15.18896282  
11.08508751  
-5.624500857  
47.14974118  
-7.795383157  
10.46461702  
-17.50471289  
11.21721425  
-17.71775494  
-0.5011560566  
10.88399488  
14.01324145  
-33.00285431  
24.96479357  
19.81258147  
-78.6925115  
11.25196196  
3.310910235  
16.44906357  
7.437434749  
36.23216259  
-26.99476308  
