18.64115552  
-1.087421004  
-0.2953149097  
20.0336417  
-1.213244234  
2.895237539  
54.53715809  
-19.50248642  
-16.46707279  
-18.01663916  
26.77387233  
-0.5728418085  
19.37746225  
13.11076059  
51.03109432  
-22.97323165  
1.979126875  
44.05025296  
-0.0186947955  
46.42460121  
6.472205785  
-80.81616603  
13.76605047  
-96.83933412  
-23.41407555  
-13.11662248  
-6.331129316  
-32.31463574  
-10.60636583  
-16.62378487  
28.94978695  
32.4654095  
-51.62261412  
72.64138257  
-22.86170816  
79.78085993  
-16.08449984  
9.429967424  
20.35549253  
-31.51682062  
8.497860699  
-27.31934499  
-10.34907845  
-28.32156956  
-13.22654981  
-54.67675383  
-40.52731558  
18.43130267  
-43.92592483  
-10.5730837  
5.341090981  
