5.128572e+00 3.784286e+01 8.321429e+01 9.935714e+01 1.220429e+02 1.323857e+02 1.555286e+02 2.139286e+02 23.442860
4.775714e+01 5.395714e+01 5.684286e+01 1.078714e+02 1.272143e+02 1.508143e+02 1.917000e+02 2.206143e+02 23.457144
2.172857e+01 7.090000e+01 7.515714e+01 1.031571e+02 1.187000e+02 1.441572e+02 1.751286e+02 2.045000e+02 23.457140
2.552857e+01 6.432858e+01 1.626714e+02 1.722429e+02 1.784714e+02 1.822714e+02 2.177571e+02 2.239571e+02 23.671427
1.272857e+01 4.395714e+01 5.110000e+01 8.990000e+01 1.112143e+02 1.684429e+02 1.860714e+02 2.007000e+02 23.214290
1.785714e+00 2.932857e+01 3.267143e+01 8.610000e+01 9.555714e+01 1.470143e+02 1.584143e+02 1.973571e+02 23.442856
1.792857e+01 1.408143e+02 23.200002
9.871428e+00 2.092143e+02 22.985715
7.850000e+01 1.655571e+02 23.442854
0
9.871428e+00 2.172857e+01 2.552857e+01 6.432858e+01 7.090000e+01 7.515714e+01 1.031571e+02 1.187000e+02 1.441572e+02 1.626714e+02 1.722429e+02 1.751286e+02 1.784714e+02 1.822714e+02 2.045000e+02 2.092143e+02 2.177571e+02 2.239571e+02 21.714281
9.871428e+00 2.172857e+01 2.552857e+01 6.432858e+01 7.090000e+01 7.515714e+01 1.031571e+02 1.187000e+02 1.441572e+02 1.626714e+02 1.722429e+02 1.751286e+02 1.784714e+02 1.822714e+02 2.045000e+02 2.092143e+02 2.177571e+02 2.239571e+02 21.714281
1.785714e+00 1.272857e+01 2.932857e+01 3.267143e+01 4.395714e+01 5.110000e+01 7.850000e+01 8.610000e+01 8.990000e+01 9.555714e+01 1.112143e+02 1.470143e+02 1.584143e+02 1.655571e+02 1.684429e+02 1.860714e+02 1.973571e+02 2.007000e+02 21.114290
1.785714e+00 1.272857e+01 2.932857e+01 3.267143e+01 4.395714e+01 5.110000e+01 7.850000e+01 8.610000e+01 8.990000e+01 9.555714e+01 1.112143e+02 1.470143e+02 1.584143e+02 1.655571e+02 1.684429e+02 1.860714e+02 1.973571e+02 2.007000e+02 21.114290
5.128572e+00 1.792857e+01 3.784286e+01 4.775714e+01 5.395714e+01 5.684286e+01 8.321429e+01 9.935714e+01 1.078714e+02 1.220429e+02 1.272143e+02 1.323857e+02 1.408143e+02 1.508143e+02 1.555286e+02 1.917000e+02 2.139286e+02 2.206143e+02 21.114286
5.128572e+00 1.792857e+01 3.784286e+01 4.775714e+01 5.395714e+01 5.684286e+01 8.321429e+01 9.935714e+01 1.078714e+02 1.220429e+02 1.272143e+02 1.323857e+02 1.408143e+02 1.508143e+02 1.555286e+02 1.917000e+02 2.139286e+02 2.206143e+02 21.114286
0
0
0
0
0
0
0
0
0
0
0
0
0
0
0
0
0
0
