-8.750550681  
39.67319298  
71.84089385  
194.8744022  
-37.40521098  
35.34563428  
53.07728859  
115.0512794  
32.78777478  
93.57433406  
71.64995752  
141.7539879  
-8.81693188  
79.29402828  
140.1198645  
41.39472961  
6.08634241  
-79.40101373  
15.11929955  
46.46563202  
-30.58105148  
35.71621309  
69.80018448  
-56.98097752  
91.20697255  
109.0072678  
5.98292636  
-53.40281872  
138.2989269  
128.6349338  
3.910395967  
87.6526713  
78.78100027  
85.57345244  
-12.5956345  
-151.216363  
17.11624421  
-74.53306691  
-81.01306112  
34.43568093  
-8.582301932  
-140.5390478  
56.57094975  
67.18497245  
29.8013561  
-10.8312654  
-119.6944905  
-3.486836769  
28.34632423  
-120.4898141  
-51.01669232  
28.33629187  
4.846894006  
