15.00457745  
-18.52487352  
-3.166125176  
-11.22000808  
13.05405235  
19.58159285  
-35.56211748  
14.65647315  
30.17649832  
-0.6000737897  
-29.08335695  
-37.50967518  
-1.414612868  
-0.597937849  
-33.87249666  
-6.560040816  
-7.114681557  
19.79008586  
-13.546825  
-1.141703783  
-9.489028233  
-49.47560867  
-12.15470682  
7.948419347  
-17.96794744  
-0.4645160464  
-21.1569335  
-3.916861684  
-11.02941835  
13.3597424  
-9.728714884  
-5.300894328  
28.63095385  
-19.07044947  
2.409078162  
3.656397428  
-21.32857144  
-3.904306792  
0.4228424439  
14.77785261  
21.25013217  
-1.507166493  
8.958014675  
7.514148672  
-18.66290666  
-11.97000363  
-7.820792782  
-22.91139976  
-14.61025706  
-19.34470588  
-43.12316874  
-4.113429093  
-39.94841684  
