4.563972992  
-15.3895894  
-13.41699878  
-10.65273565  
20.38966721  
23.40374949  
-38.27865461  
-5.008132463  
8.312797295  
-5.42608321  
-5.080971289  
8.191446201  
-11.85023787  
6.578255925  
-4.480946734  
-23.85885495  
-19.22146698  
43.57429364  
-7.541668848  
-20.53032623  
10.5119604  
-4.234390245  
2.785182626  
16.79703163  
-10.90070164  
-28.44911303  
-8.774637027  
-1.158764956  
-40.96255036  
14.44472265  
-18.95033423  
-5.682795035  
23.54891822  
-6.006632202  
11.45629783  
18.03425545  
-21.53319774  
14.5546442  
1.072009795  
19.3097316  
29.12151707  
-10.3861228  
9.110387707  
16.09912005  
-25.36762024  
-6.221235795  
17.39500789  
3.324792779  
-10.83307453  
-11.0277985  
-16.35530661  
-12.51867817  
2.307567338  
