6.447754208  
7.902855777  
-10.7813416  
9.39565267  
-34.40206528  
7.963830568  
27.78264181  
22.56301389  
12.3743679  
-26.44258382  
-2.514994281  
-7.305740083  
-18.41570657  
-20.19779025  
-37.91213968  
-9.212442472  
-6.936465114  
-7.355350345  
-11.04497223  
-22.54021769  
3.062898814  
-10.66479919  
-22.44397842  
-17.2452463  
-51.25123826  
-29.19409908  
0.1902901359  
-39.56990596  
2.658359633  
44.94008334  
8.52440336  
-10.43941526  
-13.40718625  
-27.50164328  
3.642159846  
-11.1527548  
-17.01167021  
5.282028561  
7.229069646  
12.20767991  
-9.665864025  
11.09159835  
-9.774806881  
-33.70739082  
9.253173064  
-41.06829023  
7.447737714  
-19.17570954  
4.710930786  
-22.76604154  
17.85185428  
14.7476963  
-1.032764118  
