5.227697452  
-7.104673713  
25.52449857  
-6.313535284  
7.549731433  
36.99254192  
-3.179097094  
-23.73930695  
8.875242469  
4.210306387  
-31.14286203  
-15.69357854  
1.741802603  
-6.936761064  
10.53273591  
1.823164089  
-7.227712041  
20.44659067  
2.412884831  
-34.56054823  
20.25630961  
10.81284076  
19.15024513  
-4.0033866  
-11.71320198  
-0.549369129  
2.410412893  
13.85236224  
-27.36209492  
28.77333488  
-5.4671884  
18.12310772  
10.23500356  
-11.36091341  
21.44869765  
-1.366284828  
-9.232524999  
23.64062851  
17.27452155  
21.92935448  
13.91715229  
31.16883741  
25.0444558  
17.60303726  
7.175419983  
11.72758422  
8.535047603  
3.591013271  
-21.70409474  
9.320251456  
-11.26344313  
-5.842086106  
-17.11691603  
