20.26471011  
0.866720735  
44.14111359  
9.186760133  
-5.573646996  
20.51229943  
39.38782757  
-45.34459312  
-5.783601943  
-10.05101565  
-18.57606792  
-33.4415104  
-11.24941335  
-4.431964215  
-20.96378626  
-16.16258111  
12.44513826  
18.41175316  
-2.201983948  
-17.85311268  
18.0565723  
14.88064671  
26.17445956  
7.625194647  
-16.54199804  
2.181007323  
23.20480269  
-7.540911377  
32.20261241  
18.56876994  
-4.609591127  
8.457675443  
15.23240483  
-22.0187594  
28.71472645  
0.2268835224  
-17.62756005  
15.06301533  
9.937743081  
14.56368127  
5.206035414  
13.53325837  
18.6512113  
-7.261937614  
18.26512149  
-10.69592287  
15.62846778  
15.78900502  
-4.233180243  
4.637255798  
6.342866446  
-12.49049003  
5.719300178  
