-6.019099063  
0.6417794847  
-15.41761693  
-3.318469433  
-4.245646455  
36.15936264  
-20.1890915  
-7.17176519  
15.49569221  
-29.22656109  
-37.44465053  
-25.88557862  
20.73655176  
-12.17305072  
-5.678369973  
-5.3816371  
-25.70499951  
3.357820464  
-7.004672664  
-26.75175294  
9.903070226  
5.810581836  
-18.87557617  
23.53254307  
-23.14908515  
-29.9932383  
-9.258812207  
-11.75798883  
-33.66764  
10.62864957  
5.421894938  
12.1876271  
4.388217398  
-19.27075441  
11.33716459  
-11.97961082  
-23.51410659  
19.92619635  
12.5866166  
18.16397318  
8.298291343  
-1.68271824  
-6.61987385  
5.336973115  
-14.40846953  
-6.588988579  
1.402414993  
-21.10227233  
-15.79628981  
-23.0715771  
-38.27145951  
-1.944721649  
-22.3269436  
