31.52436974  
-5.77686329  
25.45524562  
37.74609618  
-6.102555641  
24.88010407  
-16.4386546  
-17.91660892  
33.27737769  
0.5833920483  
-29.65661146  
-39.5512971  
-16.81972543  
-4.513222991  
-30.43524732  
15.11638065  
-4.579198424  
5.954389017  
-20.16462862  
24.68458205  
-3.071987559  
-33.21620904  
-13.39196213  
-29.16648107  
-8.507843216  
-1.463977381  
-10.44479621  
-18.92081711  
-9.488319175  
31.15588451  
-34.2730247  
7.364872511  
11.55047129  
8.681798129  
27.86197753  
-10.54093718  
-8.858403109  
-0.1314129471  
-1.177649186  
11.86855645  
17.9827488  
22.40693773  
3.977696618  
-10.61967129  
13.35981188  
-10.1378734  
-10.14723711  
-31.39955263  
-5.107480299  
-5.558486595  
-32.47180168  
-22.75855621  
-15.67404171  
