-10.41442637  
-32.84572674  
-18.36200475  
-3.731787943  
14.82640591  
22.94583764  
-25.12516205  
-33.45125787  
9.483435908  
-13.55610038  
-34.6996691  
-16.97399551  
0.7755924742  
-15.48617996  
-18.49228292  
-3.628236209  
3.231278431  
13.452499  
-17.74864643  
-38.67024493  
5.361872005  
-29.92724523  
-13.75840009  
9.097376139  
-20.92896698  
-13.77867138  
2.675728771  
17.98805156  
-43.81631651  
-6.739214971  
-20.29735001  
-8.132115037  
3.666310138  
-25.93219764  
-9.525126129  
11.9262254  
-31.15170301  
4.617347081  
3.734473756  
32.63877685  
29.59689187  
0.3262227322  
9.381511006  
23.42116783  
-19.30036953  
-1.551104551  
-5.203813943  
-3.499801948  
-7.387888731  
-23.78080768  
-39.2062808  
-13.51798416  
3.563432301  
