-16.62205688  
4.497201303  
18.38818005  
-2.743802971  
-10.58825678  
14.23075633  
-4.739910968  
-22.75756682  
32.96135661  
5.779710639  
-29.44041032  
-6.677604085  
10.35200137  
-8.439948233  
-69.81900322  
2.58244021  
8.777689031  
-1.166928813  
-15.26888997  
-24.83608746  
15.81741904  
-6.959977025  
-16.61918531  
-14.83243302  
-39.81551246  
-41.76837725  
8.459501469  
-15.1052913  
-47.17671453  
-42.43870617  
-31.79566805  
-13.52830196  
5.815822474  
-24.06012098  
-5.961488777  
15.41693371  
-23.76859268  
6.842473351  
-4.310448941  
33.48353937  
22.40378077  
-15.25205004  
-13.51566732  
-7.264234742  
0.8062118494  
-15.93524767  
9.704641946  
-19.87280214  
-15.86041868  
1.262876715  
-13.02613738  
-44.97486472  
24.46932858  
