24.73811194  
-11.08963857  
15.38242048  
-12.18352237  
-3.611656826  
10.98147428  
12.48000936  
-24.4676722  
34.03296831  
7.78669754  
-35.30364701  
-18.7146534  
3.870866146  
19.86719473  
-36.22905995  
-1.090980879  
18.07978014  
8.985095371  
7.875248331  
14.18485765  
5.104309385  
-3.255573606  
16.77881771  
17.97708474  
-10.12634276  
8.730980948  
-6.027686768  
11.24599679  
-8.364182491  
36.64445314  
-6.984740263  
20.51386484  
25.39673069  
-4.273070338  
2.18405296  
11.64491229  
-9.962939569  
15.46313309  
10.0132158  
14.12631202  
48.3896788  
9.407195766  
11.1691625  
16.61557982  
-13.54980005  
12.87531735  
-7.694955271  
-6.919915594  
3.336860351  
-10.56282628  
-38.90157888  
17.87538573  
-20.99454024  
