30.27124436  
10.36084806  
10.7451494  
-2.708407768  
22.81074283  
29.06937824  
-30.10378186  
-16.31615031  
16.86972848  
-3.547519282  
-13.5262313  
-11.324647  
-15.79430332  
-12.32683467  
-53.6339718  
9.366859711  
-4.054609091  
29.2725958  
-21.17120765  
2.897701448  
27.56750304  
11.52685567  
0.0553146631  
-8.435084919  
-18.39927608  
-40.53936777  
0.3296730528  
-14.53049693  
-17.13729544  
23.67350461  
-30.79468394  
-5.488093541  
23.76880571  
10.8097033  
10.90556281  
8.737133781  
-19.39424239  
18.0852127  
-1.4465131  
22.83994507  
26.00308604  
-6.687811456  
-16.48479376  
-14.9116058  
3.665453774  
-11.05699608  
14.19619899  
-5.126383603  
-8.219726606  
-10.40791328  
2.026568898  
-25.94113119  
16.22285075  
