13.11686481  
6.632466397  
25.44986798  
-4.558871917  
2.146624218  
7.033897194  
22.89261171  
-9.541871386  
56.66044074  
-0.9467382292  
-31.39003841  
-12.30671281  
-20.72665745  
23.58120049  
-43.93207151  
-5.364736686  
21.13083972  
0.06725345426  
9.06220928  
27.65760862  
7.489037797  
-30.17623305  
26.28914481  
23.3138943  
2.131175834  
3.240152052  
13.53407572  
-14.63451224  
-9.737772505  
34.15038189  
0.1403576974  
-17.45236225  
13.95432959  
-9.32117957  
30.53048331  
18.23035728  
-22.94039467  
17.24342819  
-3.095045899  
19.35678663  
37.50915896  
19.83669279  
-4.816952111  
1.420028605  
-4.27246993  
-2.78491175  
7.129586669  
1.009550687  
-1.825142422  
20.28351342  
-16.77450507  
18.52788573  
-1.551621185  
