-36.47197719  
1.657986342  
-4.524137786  
-58.24885458  
-58.61332297  
-55.21476333  
51.52845531  
-51.95204589  
-71.48881843  
-21.57461828  
-32.45631006  
-21.90932614  
-13.13783516  
-2.487689793  
-80.52504756  
-27.40082679  
-10.02284061  
-31.28989991  
-37.29265522  
-54.22171713  
-0.4266719738  
-12.68907307  
16.56654891  
-0.4602987979  
-49.50620041  
-18.72146205  
-13.5908959  
-28.18765782  
-5.133010364  
-3.398301142  
-36.59807263  
-26.38240996  
-9.129803732  
-94.48801204  
7.565890044  
-29.1371847  
-46.16376558  
-50.37267545  
-118.9397093  
-9.067434821  
-17.65887144  
1.315221064  
-36.7901012  
-104.7521621  
-29.22154747  
-5.445235523  
-4.803005819  
-57.46988583  
-18.13191116  
-7.68460052  
-134.4394984  
12.88178684  
-45.33431624  
