-13.37387018  
-18.81730698  
-19.70711341  
8.409257229  
-40.43526289  
-29.03284158  
8.774826792  
-25.23461916  
-5.540888108  
15.20855161  
-6.350468296  
6.191278792  
-57.43405802  
-3.168865512  
-38.57954611  
14.15163202  
6.477527775  
-17.00393544  
-49.4208912  
-11.48174359  
-13.48824002  
-25.57922256  
3.379078717  
-5.043315811  
-27.39761691  
-28.485649  
-13.54114241  
-24.54029748  
7.474342223  
-33.64144217  
16.10809696  
-38.32150736  
9.358550755  
-4.458502942  
-11.4473261  
-15.05638714  
-22.31419993  
-25.36182864  
-14.93204184  
-0.9363979303  
-13.12044849  
8.884540048  
-13.38094396  
-44.61599995  
-14.19792573  
10.35434706  
-8.64987512  
-5.885017931  
-0.8943152263  
-12.37968682  
4.184986516  
-69.21382904  
-51.42415439  
