-18.53267158  
-5.888906019  
22.62306478  
-7.609895139  
-8.953107517  
5.8045543  
-0.2201307444  
-19.8886585  
3.010600035  
20.9012511  
3.216569326  
28.98005892  
-2.162577809  
-5.029719117  
-13.9694018  
-30.57891767  
-3.665902388  
-24.74650927  
-5.351358153  
-65.24090577  
-7.870522211  
12.08534728  
-14.90251745  
19.41280541  
-10.75112467  
-60.32870502  
-13.50300544  
-16.24475967  
10.14025725  
3.705389543  
22.11821111  
-37.4044494  
-17.81183295  
-34.67436763  
-4.086180223  
-13.94458389  
-14.2625234  
-15.64447371  
-5.929226484  
0.1796989413  
-14.02696566  
13.55604082  
-6.783973674  
-43.73983621  
-18.81802771  
6.703113859  
-7.894616309  
-11.05479191  
-13.34470522  
-11.38041611  
1.682707088  
-4.877024323  
-29.65242091  
