-41.8795306  
6.888469763  
16.31572247  
-3.906071727  
-9.314531682  
-1.379494042  
26.18705729  
32.34724585  
-2.063462318  
-24.18922234  
35.85331674  
38.0533022  
-16.57663189  
16.54258208  
-37.94369624  
-41.20905614  
-19.99190761  
7.396549397  
-10.9153119  
-12.59052539  
2.960351505  
8.818000493  
-42.35777406  
5.269856567  
-12.37245962  
-59.2531279  
39.53011219  
0.2563297955  
-3.407843385  
-2.823715872  
4.259038347  
-47.58263058  
24.06090756  
-33.59648435  
2.407912751  
-20.41032206  
4.578932907  
-9.407649865  
-75.99765517  
10.08454122  
-1.548594598  
-2.923985552  
-15.00670841  
-54.3252774  
-33.62682134  
-6.16025567  
-41.16119332  
-9.468321632  
-8.776521671  
-37.65887621  
14.93531682  
-20.99535751  
-8.769757558  
