16.73253735  
-27.8922162  
45.50169426  
-28.71758527  
-10.16311584  
35.33099132  
1.186846746  
-83.13440037  
-6.495391901  
-13.25490441  
-1.932673248  
-45.95116283  
27.55470911  
-4.467194898  
33.30216426  
-16.38003428  
11.81791586  
-9.028044687  
-20.1441976  
-42.18462696  
14.07119753  
-10.57634171  
35.45758874  
37.33163843  
-1.986479841  
65.28780794  
36.2530844  
-37.914109  
-13.9220406  
3.423249028  
-45.35292595  
-20.27410173  
-61.43428358  
-36.46612784  
6.058750514  
-9.166369383  
-16.02271784  
-14.7078815  
-19.77364534  
-11.56945762  
-40.70410023  
-4.105104474  
-49.87109043  
28.81609114  
-33.12829115  
-14.79044777  
8.769436491  
4.697296628  
-20.38191045  
16.83532007  
-6.705798825  
2.245135143  
-14.72977762  
