-30.30514328  
-27.54262842  
-12.97344481  
-6.453299615  
-21.12061269  
-31.32879341  
3.105196147  
13.770023  
-20.38911406  
-25.50789308  
4.331734583  
-12.41981756  
-13.26420812  
-12.39400876  
13.03944558  
-59.94787609  
-2.14014941  
-26.58510397  
-0.04345744706  
-39.78697177  
-9.342051505  
-0.7718352448  
-7.31542483  
3.577942172  
1.591916363  
-26.641969  
4.755112874  
6.012403908  
5.450740769  
-2.60327076  
-16.07332458  
-28.19650885  
-12.91610421  
-40.09869018  
4.451912813  
9.141522621  
-21.72348191  
-37.81017363  
-31.73642663  
-3.384497156  
-1.914844973  
-9.390477959  
-24.19048613  
-49.03738855  
-15.56898767  
-7.862123691  
11.49340861  
-19.36487621  
-15.68792464  
-26.72637088  
-12.29249538  
8.313337161  
0.7848326997  
