-15.10579348  
-21.66396299  
-11.83594471  
22.07883393  
-46.96186209  
-33.08736051  
-6.135351187  
-38.21846205  
-35.08012528  
28.33720804  
-46.49650031  
-12.28393439  
-13.81920322  
-27.633864  
-67.90076637  
-41.48242732  
-11.54726439  
-20.77537047  
-30.32785297  
-5.111238272  
-29.42381199  
-34.09942104  
-6.156896817  
24.88698543  
-35.83864518  
-22.70219351  
-14.69244374  
-28.49785102  
0.4115542358  
-3.099992415  
9.956741263  
-38.64582208  
-1.537759387  
-4.808089293  
-29.65786857  
-16.86431658  
-34.7031104  
-30.48139783  
-17.55129526  
-5.946484643  
-23.14287262  
-3.878371609  
-22.12347906  
-44.28905449  
-28.39652675  
10.03858935  
-10.38180094  
-13.2031096  
3.847053361  
36.39612224  
-33.90718449  
-65.46744669  
-54.5805305  
