4.487489304  
-16.21759387  
-11.61075198  
-12.27092897  
-42.19616951  
-14.51072568  
41.60691053  
-10.78473769  
-58.38151799  
24.64459837  
-52.41104071  
-23.72853557  
11.32844781  
-22.43667531  
-60.9463846  
-134.5262887  
-26.32983854  
-18.96392967  
-57.18225906  
-12.92251095  
-85.20126806  
-35.59747013  
3.779711629  
45.90977514  
-57.16182808  
-24.78569649  
7.245543633  
-27.97268037  
1.125786287  
12.01938748  
-11.96299525  
-28.0153449  
-12.27127567  
-58.23314875  
-89.08725022  
-26.76320989  
-55.33053078  
-48.34314503  
-46.57840237  
-9.474759934  
-26.4588368  
5.253748623  
-37.14266171  
-79.88205985  
-50.57119962  
34.38118379  
-38.26884375  
4.693429779  
3.95114096  
52.91508612  
-119.0143546  
-95.11667684  
-13.53925845  
