33.08513573  
6.945375528  
-3.576705626  
-58.18088296  
-31.88481116  
42.52405306  
-0.4092672853  
-50.33135008  
-0.2624711565  
14.84992094  
16.99844718  
15.38980848  
-4.636277964  
26.02548958  
-7.809717604  
-60.17649016  
29.53333732  
7.383202645  
-25.7209529  
-62.56198781  
-16.30386836  
-20.93305785  
-8.341283407  
29.64433268  
-32.93968747  
41.07527962  
-9.017966748  
3.393600362  
-0.6663239556  
-20.65189723  
-3.223981703  
45.92816687  
-10.6276232  
-49.34485868  
-16.69673628  
14.4023217  
-4.565121683  
-11.8652612  
1.998414737  
-34.82343134  
-18.1218467  
20.87669182  
-42.00787672  
36.94197703  
-9.253841447  
2.775994083  
7.862540518  
2.159898362  
3.62061167  
-6.151345849  
33.12944751  
16.81091447  
-35.52006595  
