-40.63502751  
-2.760280557  
3.047163779  
11.01051288  
-21.82303936  
-9.365706028  
24.83016999  
23.15706232  
-55.50838424  
30.92559209  
-4.850469457  
-22.3466613  
8.401066311  
-3.322180791  
-19.85841467  
-55.53427942  
-8.084833304  
-30.71814883  
-13.12436252  
-26.14696024  
-15.4108971  
-20.67886605  
0.9162064229  
0.6471957964  
-21.6257151  
-48.95142402  
-7.697282694  
-11.86513682  
-2.688441476  
29.18462113  
-1.504539927  
-18.77345725  
1.116858181  
-38.35174298  
-13.13277785  
-11.54491122  
-13.75017726  
-26.96448776  
-65.8958306  
6.115251559  
-13.31908529  
-1.22220515  
-17.49926353  
-74.65415164  
-23.75067019  
1.825079285  
-21.84234945  
-19.27582647  
-6.421861771  
6.916160337  
6.086273947  
-31.17045756  
-21.11441425  
