-24.43743524  
-18.68022144  
-18.88448445  
-3.376546163  
-36.55624027  
-36.70905897  
-8.757317091  
-112.2437389  
-23.69602591  
1.344576655  
-31.66308831  
10.11735491  
-52.07999297  
-4.638692504  
-43.57625269  
-33.22082889  
-17.5946723  
-19.49443434  
-26.40747041  
-19.0920865  
-27.57621299  
-15.66884215  
2.155917792  
11.42350979  
-35.99111643  
-38.95434073  
-7.705229566  
-38.17037326  
-11.79258876  
-2.734893928  
2.372247107  
-31.51923539  
-5.793094566  
-18.19216841  
-8.809868753  
-23.17396328  
-30.47043085  
-36.57048666  
-38.63535796  
-4.971226608  
-9.639627956  
6.269220737  
-25.16517857  
-73.67067008  
-27.75623888  
-1.932406163  
4.345376642  
-34.85032068  
11.06050655  
6.071128475  
-42.41611073  
-28.4713805  
-45.74255142  
