9.945004827  
-9.357471142  
23.19033561  
-22.14473152  
-66.65917798  
35.2803428  
-48.18014411  
-70.87675763  
13.82564694  
-10.11894074  
-13.56922421  
-44.9590656  
-6.43956734  
-55.78514922  
13.30341363  
-30.41570261  
5.444416553  
4.371928764  
-16.25155061  
-53.24845992  
23.36152378  
17.18625779  
22.77850838  
49.38044311  
-15.25429073  
91.71477549  
12.18858777  
-87.15074141  
-21.25919609  
-1.66427731  
-10.53288964  
-15.60317356  
-52.58241177  
-32.57078007  
-9.712173147  
-0.6133151693  
-34.98657393  
-23.34903135  
-13.40904059  
2.279355209  
-32.03981002  
-30.84994283  
-41.47197833  
46.19047976  
-50.66858806  
-33.76861104  
3.346164354  
-4.442222838  
-33.44236213  
4.095811527  
69.22321637  
-13.95337673  
-26.5743519  
