-25.33822646  
-20.53597528  
3.952963715  
-0.9712362183  
-31.5318139  
11.92136543  
49.31504306  
5.460358117  
-7.062587904  
12.21034716  
-17.16463392  
13.95098315  
4.813804608  
5.428612724  
-49.67488122  
-52.81773797  
-15.5802307  
10.32925475  
-62.13706068  
-43.94305915  
-31.07194954  
21.6715646  
-19.64581207  
33.77723066  
-106.6402518  
-94.85142939  
-0.6958572907  
-10.53530449  
-21.59738933  
-0.547400747  
14.88611264  
-30.32490235  
50.86804097  
-28.27748018  
-67.73824041  
-35.41690627  
-58.78601061  
-34.48406211  
-45.70631366  
-11.49275388  
-27.25340781  
18.82588778  
-41.79504081  
-63.89037112  
-51.39354583  
30.60086996  
-95.45467418  
-8.197275793  
-0.3515667551  
25.98389117  
-53.90243314  
-38.17285575  
6.917082463  
