-40.97667495  
1.446865093  
27.37986506  
-57.87781676  
-101.3878499  
-69.01200061  
82.23322587  
-34.21599649  
-20.23826666  
-59.87073176  
9.524649382  
17.55126378  
-29.99761503  
-17.26790089  
-87.55525368  
-9.149664702  
-11.43709493  
-14.44976861  
-40.80337531  
-23.67767435  
-13.89661599  
-27.98810479  
38.47355504  
24.92759616  
-33.92893482  
-45.84238969  
14.17693048  
-65.14962833  
1.296530638  
-9.263634741  
-21.92697741  
-39.204974  
-9.110296867  
-108.5361744  
20.1746378  
-55.32100821  
-43.44744773  
-8.441866324  
-92.97616196  
9.434824194  
-23.12897484  
2.616168324  
-22.95096815  
-32.71738312  
-30.8726638  
-2.32655404  
-23.87346245  
-23.81462377  
-24.30918481  
-61.17943629  
-116.9653069  
-34.10144026  
-14.96469881  
