-48.50304782  
5.563077023  
9.375169748  
-19.50841227  
-45.04719056  
-64.18423796  
103.1077582  
-34.91935205  
-4.435596612  
-15.12205958  
-22.37588194  
10.13110036  
-62.6199849  
-32.45327655  
-82.38513626  
-47.65584623  
-31.39478805  
-8.956770671  
-54.87980957  
-6.038844709  
-77.27690922  
-13.67951034  
-9.322311983  
-4.451845016  
-55.16811497  
-34.81172675  
37.62883043  
-31.32930254  
-7.656457731  
3.637545029  
13.8950188  
-42.92891354  
-17.40874316  
-86.01685374  
-59.91789195  
-39.86470179  
-59.20536831  
-5.102148863  
-53.51356023  
-4.642403596  
-32.41865622  
16.08921996  
-50.58266333  
-35.27779566  
-45.99439127  
21.08568374  
-46.61661749  
0.08834806191  
-19.68424484  
-42.99058907  
-107.2414925  
-69.7260835  
23.6512689  
