-24.74947316  
-12.95297673  
3.193781301  
-21.68979788  
-15.85882419  
-17.01394801  
17.52157626  
21.65337393  
-7.926051151  
-18.17617603  
17.17153466  
25.36118102  
-8.618598009  
21.2551911  
-21.15249067  
-32.784791  
-13.15769719  
-11.96265236  
-10.37985171  
-25.63853718  
0.09408365322  
5.81769434  
-44.32338905  
7.287396083  
-13.60051239  
-41.53798911  
7.917868967  
-14.42850969  
-4.427914555  
2.537530044  
8.219515388  
-40.88024444  
-4.00766752  
-14.5216018  
-16.23988062  
0.09579099475  
0.8763675448  
-13.02254279  
-38.22259007  
4.144269384  
-8.722031896  
4.60809066  
-16.40987891  
-39.47840109  
-32.17818018  
-12.9588614  
-14.06800145  
-5.506116096  
-0.6939984904  
-8.453692532  
25.61679948  
-11.3488201  
-16.67278358  
