2.233091351  
-16.13137658  
6.822019781  
-15.29354865  
-6.188922601  
-22.19561439  
-3.215322077  
11.49090007  
1.222259393  
-35.69525803  
16.76322203  
27.35049026  
-29.5998305  
-0.4539229107  
-10.04070909  
-25.95461103  
6.479851254  
-29.36988648  
1.653132771  
-26.5572875  
-3.987911678  
6.321416226  
-24.87839813  
9.440385823  
21.71873753  
-34.47197027  
11.50314138  
-13.3528322  
17.77809621  
-10.0357211  
16.72815509  
-54.01165265  
-4.121650227  
-33.27547723  
-10.86605372  
15.84782354  
-12.6404796  
-24.96199018  
-6.69115557  
4.250338397  
-5.235157078  
3.543847341  
-21.94323752  
-30.14567309  
-29.66106087  
-16.75379535  
-14.18692185  
2.048356944  
-15.9600355  
-32.92535206  
-10.44923714  
-15.03252872  
-21.55689814  
