-26.88929822  
-8.662864644  
9.205455468  
-13.59640358  
-27.6208991  
-21.4040111  
63.52600846  
3.28659176  
-11.57273389  
-37.35549709  
7.171893518  
31.17376825  
0.8522874399  
32.0339359  
-20.15925829  
-43.89643663  
-11.01137311  
-10.39735142  
-10.14511031  
-27.23251585  
-9.135880375  
-11.11109579  
-12.40618659  
-3.847915409  
-11.64596407  
-27.05183555  
34.46226572  
-29.10896609  
-1.207634615  
-7.747017067  
9.664996792  
-13.66172871  
-19.1962705  
-36.76109747  
-0.6663553218  
-9.615902367  
-1.607042196  
-1.332143611  
-30.12776485  
1.216691659  
-4.495364263  
-3.530125447  
-7.710968643  
-25.88236579  
-16.02326138  
-7.068566184  
-13.95999261  
-9.052110832  
0.3627508521  
-22.37336862  
-5.743550815  
-2.701303899  
-5.437138255  
