-37.55513819  
10.67853612  
31.07308636  
-21.795914  
-38.83424435  
-0.7622164232  
49.49066116  
-23.05860771  
-31.09735104  
-23.60997087  
1.32918833  
1.819817828  
-38.70219822  
-17.18043964  
-88.29027748  
-49.2119939  
-25.20420274  
-2.865414453  
-43.75180774  
-53.31841203  
-4.058559818  
5.722024479  
6.973868064  
10.10963444  
-67.53419914  
-85.65603885  
-15.42732822  
-18.75062512  
-14.48288514  
-3.101055688  
-17.24858187  
-5.752167069  
51.46846789  
-88.08688722  
-7.099371182  
-36.16412798  
-44.66821424  
-32.75919231  
-79.63085811  
5.033849482  
-40.43078563  
12.82332758  
-28.69288038  
-69.17574763  
-44.21208  
4.852030305  
-57.76871596  
-27.52026723  
-16.16550607  
9.990250094  
0.3272432174  
4.774367807  
-36.90815271  
