-17.84183879  
-11.77172753  
-1.176823347  
-5.874221175  
-35.56828516  
-10.17379853  
18.52314465  
-12.83880371  
-15.12211534  
-4.172519873  
9.816441759  
-1.611425327  
9.269337082  
-3.022658176  
-17.69892021  
2.725670369  
-2.907317016  
-25.1618507  
-19.33064497  
-37.57466471  
-1.448483103  
3.509335993  
-5.826407048  
2.676760921  
-14.63406652  
-34.99550548  
0.8257016076  
-5.32187247  
3.018858686  
-0.03790020198  
2.499454313  
-21.69061384  
-16.31584193  
-9.382753044  
5.66012455  
-0.5189155754  
5.927972199  
-10.69799583  
-16.2853989  
7.946672317  
-8.274402759  
3.037108027  
-10.58436144  
-42.88017125  
-1.241105034  
2.447484304  
0.5197121319  
-6.040009191  
-8.478229074  
-19.72700943  
27.3584558  
-19.38475242  
-29.69603509  
