-9.114293811  
-16.67380123  
10.03502455  
5.975264562  
-13.29182935  
-6.30345299  
6.045127105  
-14.23653544  
4.517273152  
11.94415841  
14.30685744  
1.930739251  
9.537819374  
-20.295829  
0.9017794757  
14.67344447  
-7.33933331  
-29.38837739  
-9.928528604  
-64.87015666  
-9.85311708  
12.07999177  
8.029514794  
12.15132026  
5.240554571  
-39.4501016  
-1.018025336  
12.60595871  
9.575667015  
6.507726417  
-0.289270081  
-34.98602393  
-21.22650397  
-23.79396583  
9.584238239  
7.905765745  
-7.734000385  
-21.75162808  
-13.36729492  
2.637292646  
-15.66355614  
-0.4415336436  
-10.94188876  
-57.1287073  
-20.82099615  
3.959691373  
15.89065035  
-3.5279572  
-16.01591199  
-34.97261629  
12.92834808  
-20.78711643  
-17.68611132  
