-12.55444245  
8.479128417  
-3.668910731  
7.977749038  
-40.2200477  
-43.40106565  
20.05903819  
-31.42999539  
-3.9074483  
-29.46949718  
-27.34710731  
15.30908636  
-48.61072717  
-14.72611562  
-45.12536859  
-24.28233292  
-26.40720937  
-16.55377272  
-25.47889183  
-13.12659857  
-26.98433802  
-21.16884365  
9.868566215  
-9.985713377  
-34.38752773  
-43.99909407  
33.62358419  
-47.87377466  
-7.818721992  
0.5531764853  
3.566246139  
-43.07007171  
-11.1392916  
-28.91799293  
-6.301505913  
-16.00001381  
-30.2819829  
5.41223844  
-22.68881158  
-0.4503866177  
-19.62346478  
-0.6566901433  
-35.9971886  
-8.539223757  
-31.66015635  
-0.6370554577  
-28.05658555  
-15.84536091  
-11.12982176  
-16.01103502  
-26.82217281  
-53.74165594  
-12.18754388  
