-27.32825208  
-3.406891261  
1.933594647  
10.96422505  
-23.53928043  
11.77997734  
51.24299052  
4.376307944  
1.483391399  
-17.76337167  
22.01593941  
-2.416929016  
-1.906122783  
-10.69253267  
-33.59122  
26.39696339  
-14.49173602  
-24.60661455  
-23.84807144  
-39.29468534  
-4.103355865  
-3.182652356  
8.7498659  
-5.727237824  
-20.50718966  
-63.9586698  
15.34889984  
-1.481107542  
3.159894034  
-1.546896635  
-9.305248495  
-25.14281824  
4.645664225  
-42.36682747  
23.09351823  
1.578331151  
5.105773084  
6.155539387  
-31.32223652  
25.38326935  
-15.88368996  
12.0717939  
-12.89734155  
-80.30655717  
2.862428225  
0.9982461868  
-8.874678901  
-13.53832785  
-22.40425183  
-86.83486166  
34.6328342  
-27.99367927  
-30.39045677  
