-28.09724987  
-10.24103412  
4.595651253  
-12.9028866  
-20.07529044  
-9.022037529  
21.97058591  
4.330593038  
-48.80031033  
32.16471294  
-10.82605522  
-17.62992745  
2.669786656  
-0.1086981258  
-12.86223682  
-55.70140916  
-4.057553574  
-38.77968239  
-10.61330582  
-20.07669507  
-16.06480038  
-21.57875701  
-24.91473672  
12.22823967  
-15.43287801  
-31.13062333  
-16.50027677  
-18.30598909  
2.546209178  
8.596367098  
12.15175467  
-12.14986492  
-11.08039443  
-23.14128948  
-24.19150863  
-7.947839326  
-7.384307263  
-18.05014082  
-39.06191811  
4.269765446  
-21.71946539  
10.16415988  
-15.57991538  
-54.60969228  
-17.22211563  
-1.367771045  
-7.141548502  
-18.48380509  
0.8284049601  
23.6677328  
12.32854909  
-16.74221184  
-17.72740856  
