35.92652187  
17.04803084  
-30.74973755  
-32.00522295  
-56.121346  
9.996816805  
0.2199321517  
-98.68584551  
-25.83886881  
-50.89070314  
9.522238054  
-11.86413122  
-13.11258432  
-30.93643535  
-55.12032192  
-7.34486104  
35.15848507  
37.23086054  
-21.08692867  
-23.97028327  
-23.77571785  
69.31164408  
-18.56131254  
54.10739434  
22.39165025  
41.17053158  
-1.003533534  
6.847439072  
-0.6487694106  
-39.82682317  
-6.954564141  
16.88312586  
25.27012327  
-27.36177508  
-5.052280327  
-29.47133086  
-6.666268621  
-27.39354949  
11.49301476  
-28.17125532  
5.815843399  
22.77497431  
-40.21322644  
41.3753555  
12.32378768  
-15.07532433  
30.33375782  
19.12166561  
2.341996627  
-13.06250171  
-9.390555893  
4.904897145  
-47.0764371  
