-34.17291153  
9.362686341  
0.9879302638  
-31.54886098  
-80.33848  
-22.21381818  
42.56974613  
-36.86479938  
-43.22857453  
-17.72597619  
14.57579378  
-1.743551399  
-59.49545527  
-19.37824892  
-82.78812994  
26.85871968  
-13.48703587  
-8.925642788  
-58.43925109  
-69.24112511  
1.881096616  
-8.103897401  
34.57459567  
-14.95274102  
-37.82349422  
-32.81950577  
14.19262625  
-21.48704511  
3.625598115  
25.6249404  
-33.5059815  
-9.232948166  
10.92038181  
-41.88373796  
13.25592153  
-34.84541942  
-39.5938915  
-38.7293931  
-52.90042677  
22.62928752  
-44.8459592  
25.40619727  
-45.44215437  
-90.45552226  
-30.97188917  
10.1361424  
-10.83205608  
-21.17059398  
-21.46433995  
-26.0020767  
-17.6960487  
-25.8961909  
-35.6407164  
