-44.98254912  
-8.047913628  
5.99952567  
-53.16514534  
-106.9896408  
-17.78874306  
15.51104442  
-17.49498293  
-73.22194937  
16.98462117  
-27.720226  
-48.28030846  
-26.57168543  
-37.92160151  
-90.86382458  
4.25816719  
-7.869404171  
-33.20875642  
-40.12808318  
-26.24404626  
-12.14592413  
-50.13640453  
-1.414148114  
10.88856063  
-41.15139202  
-11.47502277  
-27.62869724  
-29.87158602  
1.717593576  
-4.576056727  
-15.68331167  
-61.01909697  
8.971158592  
-87.39447478  
0.4838908655  
-64.32953912  
-47.95729489  
-43.96371634  
-81.75920988  
12.05723442  
-43.79161306  
-9.897246738  
-31.70236007  
-93.11254399  
-40.44079927  
-0.3665966392  
-20.20934846  
-21.69888787  
1.28526148  
21.71687451  
-106.6397721  
-37.62311373  
-50.46005056  
