-20.46280866  
-31.88488939  
-4.144683388  
24.75347493  
-31.34755179  
-13.96995434  
6.455302577  
-28.53509617  
-12.92704129  
17.34126992  
-17.22724227  
16.09402747  
-57.457287  
2.002691886  
-60.75797114  
-19.43101828  
-4.726188499  
-20.15216877  
-23.04814035  
-16.49631303  
-14.185009  
-2.685674935  
-2.055719314  
10.67407089  
-52.07653355  
-36.0575383  
-7.638440719  
-27.29139257  
-3.45097213  
-23.69586532  
30.09831061  
-24.62539457  
16.36200025  
-12.40363992  
-27.59855223  
-17.92510392  
-32.83135332  
-29.80720099  
-19.18347916  
-8.156299675  
-28.85695848  
9.973893691  
-25.61988077  
-41.64239505  
-33.94383815  
6.060827403  
-37.19156079  
-16.737125  
-1.674983407  
11.7771709  
-41.63106313  
-38.24399708  
-46.10976154  
