-36.46191164  
20.64506458  
19.64688391  
18.49476112  
14.21336189  
30.47140428  
70.34063935  
6.546590474  
-9.325911531  
2.039649446  
20.7366504  
38.75147917  
27.8667743  
-7.7881824  
-29.21420157  
-37.9568586  
-27.51441874  
9.237629622  
-11.5101965  
-38.82386859  
3.104510067  
-0.2259015919  
-23.66636056  
13.00959924  
-37.32777982  
-71.81281956  
-23.29109838  
-13.93710155  
-12.45807321  
9.511836239  
6.182487268  
-12.56515987  
31.83506504  
-43.16346427  
13.89479979  
-12.14919421  
-6.452875239  
23.89077864  
-40.62895503  
-0.4501518657  
11.23900358  
10.47197049  
-4.568428251  
-74.40380277  
-16.50400333  
3.531690965  
-34.45364006  
-15.20560333  
-9.077742768  
1.892602411  
27.66050489  
-8.105934683  
-15.60517973  
