-4.910824513  
-16.27592692  
-15.94383764  
-14.99848616  
-21.67436774  
-40.68021479  
2.330952955  
1.894772373  
10.92363153  
-16.73717883  
-9.377590427  
20.97377244  
-85.17490196  
8.739267818  
-62.2620675  
-41.44865876  
-22.71843746  
-19.67816478  
-28.33673698  
-25.96542697  
-23.87918308  
-21.9158627  
15.9299142  
6.918832473  
-35.6105763  
-47.49161087  
-11.48552606  
-24.94568979  
-3.043930609  
-19.63648829  
10.67016184  
-65.32007086  
-0.871285555  
16.53240505  
-19.42070912  
-7.718675794  
-19.22914051  
-11.50983115  
-20.97584574  
-1.627593776  
-31.05119321  
3.605729761  
-28.10825604  
-45.21459658  
-42.3285204  
0.1107555546  
-40.98985981  
2.554618089  
-12.63032686  
-6.891604375  
-18.73016645  
-64.42765262  
-41.61356388  
