-19.71299396  
-21.89834593  
-3.155557317  
-41.21176248  
-40.17213323  
-23.99973259  
70.41324258  
-85.41974293  
-43.38804641  
-3.011250154  
-49.53511178  
-12.02853691  
-22.23672362  
2.774029676  
-41.29883086  
-95.64607743  
-21.84731892  
-5.793343204  
-62.42699422  
-0.3755664144  
-82.38664791  
-0.3660656512  
-20.42469292  
18.76821648  
-34.62722941  
-12.48026517  
2.145632335  
-42.52251659  
-26.91945295  
2.722932471  
-23.79088674  
-30.37285282  
-15.24385814  
-85.98154041  
-52.64233138  
-45.507606  
-63.92926529  
-50.28066141  
-93.94302504  
-33.41364752  
-27.32211501  
21.5483384  
-43.77554876  
-84.497268  
-35.45837178  
14.77829316  
4.594675051  
-16.884279  
9.736446327  
2.999182613  
-137.1507082  
-26.30271939  
-5.811227803  
