-45.05529365  
1.311841428  
23.07254706  
-63.71850253  
-70.38598088  
-29.76174595  
35.50194275  
-17.20734709  
-19.87065374  
-34.13708419  
11.95900875  
19.08711334  
-64.17097657  
-7.182975034  
-105.5773743  
-17.90519878  
-28.48626506  
-9.018737163  
-33.7687581  
-13.17055297  
-2.330990136  
-10.16971828  
7.82973612  
-24.32963258  
-60.68581241  
-62.58274705  
17.94758663  
-31.50697994  
-9.777149656  
1.572765086  
-28.53697476  
-45.53564807  
31.89281118  
-72.87291628  
8.178641954  
-27.76760548  
-38.42730147  
-36.0537944  
-116.0117064  
13.2744033  
-38.32991575  
7.40873171  
-36.60687898  
-78.2612053  
-54.9585557  
-12.68550421  
-43.61255484  
-4.146151985  
-22.8090728  
-25.52784602  
-53.00141375  
-39.37569972  
-30.66431817  
