-20.03113716  
6.362378454  
3.681075904  
-7.436411931  
-4.106834871  
-26.3276859  
72.44217024  
-16.15357456  
-29.97331932  
-19.54301458  
-6.450190804  
7.906764126  
4.450797238  
7.120850085  
-19.5384317  
-59.63400671  
-13.60582726  
-8.338575108  
-14.87342149  
-24.56846159  
6.039238287  
23.13969316  
-7.680662038  
-2.338959904  
-22.46315878  
-3.82737175  
18.00799086  
-18.05281214  
-2.243304436  
26.20055062  
-15.13517854  
-21.11176623  
2.48004161  
-37.40308291  
1.247862482  
16.31761898  
-13.69624595  
-21.83615484  
-70.41828893  
-8.948697818  
2.291593089  
-8.084476149  
-35.94582686  
-83.32067865  
-8.137713677  
-9.776446807  
0.8528889606  
-28.36035825  
-24.68362104  
-36.52786487  
-20.4206174  
25.90629431  
-16.67314799  
