-17.60826046  
-28.74641728  
8.885784108  
-12.6518934  
-26.27612499  
-15.08758046  
-7.114566742  
22.19476528  
-43.99377975  
16.02310415  
-8.805358213  
-23.37297949  
-5.772036374  
-6.014120504  
-7.474119242  
-53.41422583  
5.609668157  
-32.6329356  
-12.6842708  
-22.70240015  
-9.297921022  
-25.57317373  
-0.5624313596  
-2.353285086  
-4.108311986  
-38.4791262  
-14.12474776  
1.303274597  
10.3567394  
1.261122924  
1.882498084  
-28.90939621  
-4.628879506  
-37.98920235  
-7.423462222  
-18.33897548  
-27.87297834  
-36.46550767  
-17.1583913  
-6.625332191  
-15.73159715  
16.75607071  
-19.41349722  
-39.81026402  
-8.996756905  
0.05832834826  
0.1421473651  
-14.35962641  
-13.8511323  
3.951732298  
-11.56785651  
-17.12121575  
-5.028328615  
