46.30892968  
43.31601271  
-35.5950425  
-12.33699777  
-24.72779119  
19.05749994  
24.54267755  
-39.89737483  
-20.09167485  
-6.590412038  
26.43413985  
-10.51812216  
-18.81565822  
-40.32564624  
-27.86086093  
-43.2224662  
25.6400873  
15.23201569  
-25.89265128  
-47.06094955  
-25.62937662  
22.39056394  
-17.80962142  
11.59720882  
6.64598187  
9.25200857  
-29.72110169  
0.1669672344  
-24.64044651  
-19.12756514  
-13.98962515  
17.37499676  
3.327252277  
-49.68962706  
-24.92275847  
14.57130797  
1.788174646  
-19.05269883  
-3.748605883  
-26.7875839  
37.18549151  
26.97696974  
-37.29145418  
11.48947061  
-28.03434894  
16.8758855  
17.43920497  
-20.67450275  
-25.74364602  
-12.04957354  
65.4207773  
2.260192697  
-53.06485445  
