-22.99069561  
3.468152679  
13.93514425  
-8.241156456  
-21.83760952  
-5.707169752  
62.71358128  
-2.246367116  
-5.549974613  
15.18967293  
0.6381458816  
29.92669857  
9.161247038  
15.51133595  
-12.39261033  
-39.04784277  
-18.75937039  
-19.8174876  
-5.436815469  
-36.90523152  
-0.6528055123  
9.52627321  
-19.12787793  
13.33703784  
-30.05330607  
-41.71919391  
-13.01122875  
-12.11156942  
-11.26718062  
14.07983717  
12.29527222  
-2.208803078  
-7.914697978  
-21.50856756  
-13.07563575  
-11.80911202  
-3.479109996  
-9.280598604  
-19.20355378  
-5.985016436  
-11.78530771  
4.679468836  
-8.81856216  
-49.12367531  
-11.95795905  
2.20999852  
-22.42553116  
-19.37546038  
0.09602377796  
2.486623875  
18.95241387  
-4.951669387  
-26.87850636  
