-28.73629711  
-42.75712355  
0.216225226  
-17.62339993  
-31.34097096  
-10.93125617  
62.60228261  
-27.40059542  
-16.45739367  
3.439390019  
-17.35885088  
9.026307566  
-27.44561281  
-9.839352846  
-49.13854979  
26.71787086  
0.7676770772  
-1.503203936  
-98.4705036  
-45.49909198  
-48.81721527  
-10.66271433  
-9.530141388  
10.8065884  
-69.98760155  
-60.47110244  
-12.84353419  
-14.87125684  
5.685885374  
-11.72557626  
13.04036261  
-43.76387914  
-0.7911714421  
18.24091341  
-43.69173161  
-21.68582152  
-51.54962926  
-23.95830614  
-42.34117687  
-6.602940248  
-18.9716201  
23.65087414  
-36.91110717  
-84.62471894  
-22.71321567  
33.60894683  
-21.20696554  
-8.287509071  
-4.379226755  
-58.7372707  
13.64145346  
-47.58862264  
-29.15941996  
