-29.75962109  
-5.379328558  
-8.811098685  
-19.37049832  
-14.60790866  
-64.79676008  
47.4893442  
42.96318231  
5.475297119  
-9.932623324  
-3.519981762  
34.85141978  
-64.09448992  
6.596864551  
-90.57015187  
-92.98933341  
-39.98725734  
4.204355687  
-64.08282144  
-55.08794035  
-43.94638361  
17.46307673  
-6.780134098  
28.75333437  
-60.15903023  
-69.98077733  
16.63057874  
-0.6813379973  
-19.92642486  
-4.082525579  
28.53026147  
-59.28039813  
2.002292211  
-84.84607867  
-61.70723115  
-30.79160499  
-38.09310744  
-20.38615797  
-39.09327495  
-6.907882426  
-48.00398728  
15.32942532  
-44.35861642  
-74.65490525  
-64.70458344  
24.38234981  
-103.7791841  
17.65799546  
-38.88380798  
-56.86131746  
-61.9151859  
-68.53793368  
0.2089647842  
