-26.79145344  
-9.211060857  
-2.525030146  
-13.34781221  
-15.65471892  
-17.09823178  
27.11827515  
-16.00789429  
-31.36852506  
-8.304786727  
-6.341979406  
-1.105406657  
2.695318559  
3.443347515  
-4.845091186  
-50.41036428  
-9.362834546  
-25.23626405  
-9.789235435  
-36.22153192  
-5.039376133  
7.060603533  
-13.97520761  
2.976679136  
-9.647292663  
-5.969312649  
10.24306154  
-18.38794571  
-1.770770351  
10.14309262  
-6.429720045  
-15.60093412  
-10.64605673  
-27.31730253  
-13.68039738  
6.363785556  
-6.897728799  
-24.23682441  
-37.30634355  
-7.583564446  
-6.664926692  
-9.822498155  
-26.78132831  
-55.39248988  
-7.770278187  
-3.660451806  
4.16799707  
-24.0843335  
-5.898332745  
-8.541293542  
-8.678170313  
8.551480452  
-16.49933404  
