-20.69402611  
-12.21773878  
22.01464171  
-6.52268153  
-53.44558035  
-24.08401112  
12.07600797  
14.45652681  
-5.887827851  
-56.33288858  
20.01396227  
32.94089297  
12.98468402  
23.94609204  
-10.12082598  
-37.89404025  
-0.8334191477  
-20.04263052  
-0.7316233973  
-41.35961671  
-18.7243611  
-10.97592142  
-8.020371539  
-2.484025328  
6.095874738  
-25.93889825  
17.01644739  
-34.84296465  
17.69540533  
-22.60478341  
34.64445816  
-44.48504623  
-17.49199939  
-54.94902972  
-3.92770364  
-12.83806489  
-13.76088739  
-7.187553438  
-14.13808955  
9.517403786  
-0.3602809963  
-4.917051555  
-5.783621289  
-0.7221690562  
-9.330549592  
-10.05778943  
-2.081864029  
-5.578008621  
-8.390887922  
-38.60459673  
-19.93467157  
-15.53744357  
8.063061416  
