45.77928179  
20.50043619  
2.547013406  
-36.50586833  
-3.98623395  
10.65921553  
-1.247394733  
-87.53674439  
27.50576262  
-19.51125903  
-4.190997439  
-98.53062439  
-19.21094762  
-20.32221233  
48.03484139  
-11.04866269  
38.25698016  
-6.098236978  
-14.36701182  
-74.25706225  
-20.69072952  
27.9159736  
-23.27858952  
54.34427175  
13.63181494  
110.2718744  
15.30604312  
3.441110475  
-20.86892131  
-55.06987214  
-44.86665123  
23.46818566  
2.255205955  
-16.39535484  
-15.06340618  
28.88794277  
-11.53205362  
-24.07877607  
-16.18352219  
-45.88603502  
-16.35619282  
-1.566323723  
-57.64619533  
29.91218713  
-55.93195312  
1.563501209  
-17.92244878  
9.942241633  
-3.900787064  
-11.8072702  
-47.13474263  
6.438616851  
-28.85065407  
