-48.16221285  
19.59921884  
24.96922533  
-6.721670845  
-44.56037191  
-19.50314149  
68.93020023  
-2.945728933  
0.6724382129  
-41.75808961  
26.42627156  
45.43948131  
-2.578407965  
23.68880386  
-27.30706338  
-31.6978548  
-10.52623501  
-8.316398016  
-17.19264021  
-26.45603719  
-7.684781152  
-24.36044788  
-1.166250682  
10.59194857  
-14.23481877  
-39.71698253  
41.86827848  
-49.43810771  
-6.22528262  
-1.198945772  
11.84037207  
-24.46105492  
13.12528799  
-47.76376603  
13.96809985  
-35.01628987  
3.180696323  
36.63111226  
-52.30683172  
14.90985523  
6.364568212  
-8.440229647  
-8.184044864  
-25.08452081  
-13.50059805  
-5.636789919  
-21.63256216  
-10.52580191  
-7.979301931  
-49.76265649  
-29.33534321  
-5.175093834  
1.433246133  
