164.2399463  
-22.31452139  
16.12798314  
123.0990818  
247.4888624  
71.8364163  
168.8383457  
138.648345  
55.59929994  
32.05027507  
97.05949836  
98.78495378  
6.586831718  
-78.575893  
-15.74252818  
76.22946707  
-8.424790365  
-24.51855804  
-27.1926944  
73.62794173  
-71.7986873  
86.97411552  
34.66985251  
-3.279436464  
45.79459724  
79.33031648  
63.87101748  
76.26559271  
-98.97248874  
-31.29988594  
-7.42547518  
77.75523614  
10.15003798  
-53.96184082  
91.11098877  
-5.995145494  
1.482853  
-53.39575781  
-122.8123186  
30.05226465  
-18.53109345  
53.96287119  
6.554305374  
119.6586819  
27.39628948  
-9.646410157  
64.03356728  
-25.15379984  
59.39722086  
-27.39373063  
-89.90980149  
56.64703004  
111.4176522  
