23.17268212  
16.76519038  
-148.4490437  
222.1776765  
-97.72909948  
21.68558749  
94.64418315  
105.6306654  
-48.27930406  
94.55877778  
-102.7307323  
171.4235442  
-166.7903288  
-119.8953939  
-122.1449232  
-64.89123082  
67.34242104  
15.91339668  
9.65268025  
102.5551155  
-81.28302547  
-34.65928251  
-20.94489741  
-132.8644975  
14.05747174  
51.34876594  
-167.0447579  
31.05566717  
-37.88165852  
5.596501546  
91.81191963  
4.414103636  
-19.51012786  
70.93931482  
143.3652406  
-69.07814185  
9.905186885  
39.01312228  
-35.71946652  
196.0850841  
47.00706159  
-131.9574485  
-9.19460469  
10.10985406  
110.4062342  
-4.146481257  
-10.04065666  
33.27021044  
62.72339776  
-24.50419105  
-140.667041  
115.7249613  
-51.94341301  
