-18.71321813  
-25.10918736  
71.04584045  
29.6208926  
-32.86789304  
-27.76369178  
-13.72308863  
-6.809974069  
-7.430888949  
-12.09722939  
-33.81755637  
28.70872064  
-6.894098196  
15.27849397  
0.5184095492  
2.15092365  
-9.921052035  
6.46319932  
15.61475423  
26.02961542  
-47.85373723  
82.63549589  
-12.98693114  
-15.80520293  
4.671132839  
18.02594875  
30.48950774  
7.790705428  
22.23929043  
35.53341506  
-8.178474364  
-17.67635289  
36.2872458  
-11.472192  
30.75138396  
23.56692762  
9.661545837  
-1.167237803  
70.37604777  
21.06777848  
-3.794665077  
6.233530517  
10.86677107  
-2.206170293  
54.15088129  
41.26770325  
-1.564032649  
-3.976664209  
10.97485408  
-35.84570961  
4.288193701  
