2.374186485  
-4.005140381  
-4.425698059  
-7.797021943  
-24.490447  
-5.802299392  
81.93900385  
3.055163709  
-36.76622917  
32.48724971  
-1.460190035  
19.37526183  
40.65033073  
1.042337094  
7.515437342  
-47.19092994  
-0.9606748954  
1.463552506  
0.7164395432  
28.70456303  
0.3776133858  
16.07380864  
-3.082320301  
5.215907927  
19.50043355  
4.310662181  
11.40150407  
6.682940795  
-16.30426388  
24.0490287  
-9.142100315  
2.651216361  
48.49470811  
-1.493110976  
-20.32224493  
-22.53382883  
0.3647561044  
17.77483683  
42.22620158  
2.307379284  
0.02961580672  
18.39711345  
-6.163261606  
18.20163571  
26.32348879  
28.96611404  
-3.719467571  
12.59611307  
-2.569536171  
-47.6520175  
-30.08339797  
