24.03652114  
-41.59144431  
-31.61511925  
57.70453181  
-31.87272586  
21.26414843  
-2.0448112  
-20.77466896  
-45.43867327  
-12.99701972  
-0.172588578  
-12.67550756  
1.960784391  
-36.22945503  
35.67963265  
-108.1353236  
10.85213825  
17.27960792  
9.008832569  
26.42233754  
4.274868316  
1.748412692  
5.09623294  
35.56935219  
3.492896265  
-71.8698717  
67.95553246  
-6.122946093  
-15.87181019  
-95.05334727  
30.77288363  
-12.54115985  
15.5816438  
-5.380045772  
-50.07864214  
-33.12304313  
23.09905136  
6.032841744  
9.283071593  
26.26199214  
24.30266794  
-18.41607018  
-25.56748915  
2.743852015  
8.113181244  
-13.93838706  
-6.558535715  
-5.758729343  
-28.35379548  
8.459400871  
-25.08653631  
