4.79498363  
-24.51997697  
-25.33776204  
7.964550541  
-15.87447082  
-4.611526284  
26.94927801  
-24.77324993  
-14.77615113  
26.52601171  
19.49600187  
-26.2932511  
12.19996643  
14.37596828  
8.212668178  
-7.106331174  
-8.198465613  
-12.95577362  
-0.4395556  
27.67862297  
-17.36850809  
-17.76091996  
-1.22242333  
4.014459291  
21.34237406  
19.93690683  
-11.28828955  
17.83060641  
-12.47546534  
19.81860901  
-14.06167114  
-1.757309225  
12.03371666  
6.577053864  
-2.844359635  
7.330092346  
-13.94723358  
6.463600928  
22.46281932  
17.5094153  
-19.33400918  
-2.112583932  
9.120605013  
-3.867470907  
5.689803077  
-20.06964693  
-7.229862892  
-20.54313318  
-26.18483361  
-12.40028866  
7.107980747  
