-25.33490219  
-4.093459957  
105.5935646  
36.82259587  
14.77784913  
3.043098722  
-226.6231946  
176.844379  
195.8901744  
-125.7070308  
-81.10915392  
-68.22815243  
-6.318134248  
55.80777677  
-74.20955345  
-48.82337635  
-46.36322471  
-14.82664683  
-0.3341460894  
-78.49451758  
-57.91673361  
105.7370206  
-32.2575376  
89.93082578  
23.61477583  
14.60982417  
2.140063938  
-54.98297947  
46.79644713  
29.40992888  
-34.94440641  
-76.00616887  
66.15449713  
71.96483484  
-26.72485849  
23.04279006  
-19.84924521  
-20.34200284  
114.5062175  
-12.73627126  
4.206240336  
32.06949026  
-20.45145128  
-73.06987419  
-109.5715567  
2.693740765  
9.693809883  
-0.317374142  
-34.21940772  
121.3136014  
25.9757563  
