-33.99495178  
26.95625371  
88.9223334  
34.68017718  
-18.16789446  
-35.2757799  
-14.19901591  
-18.25455777  
-14.48329407  
-8.583319199  
-34.82089078  
63.6595583  
-30.11708299  
-8.550775464  
-24.11916093  
15.88068747  
21.71391  
-15.40490346  
20.57372659  
10.9927777  
-20.11148848  
60.12818332  
-21.01627141  
-6.949309363  
-18.5864896  
-2.604360064  
44.00728181  
-0.04673187733  
1.41553085  
9.956499899  
-10.70598669  
12.38015216  
7.872917509  
-29.09973304  
17.98304979  
8.032511049  
36.55809275  
10.85634015  
30.56972752  
-2.71486887  
-4.300397003  
-12.89669442  
21.26879317  
12.61150435  
30.12738309  
37.43746503  
2.281541562  
-27.53976946  
39.34654486  
-49.06599892  
-5.059438843  
