-7.217995286  
-61.05687826  
-31.32009235  
-38.7029486  
93.73279551  
67.50025326  
-245.553666  
33.22699655  
5.688164202  
-296.6599326  
-4.60241065  
-141.1630596  
-87.04501902  
-4.092005634  
-65.13161205  
-123.071994  
-40.7725196  
37.17650908  
37.42786961  
-178.8587687  
-3.036691308  
125.2479294  
-23.93078197  
78.37822309  
-14.74244381  
19.99784653  
47.62641226  
-27.68268221  
291.4337957  
-8.038619439  
12.40392175  
6.806999413  
-74.97442966  
-16.02333694  
35.9649232  
188.884809  
-12.10644288  
27.29517828  
-79.02078512  
-0.4096219142  
-33.21769172  
-96.45741069  
2.7470239  
-147.9505347  
81.00554406  
52.19982564  
29.01432311  
-56.83644617  
-54.5762983  
68.24651204  
75.94517891  
