-8.166463446  
19.61437905  
21.02094516  
-9.570728787  
6.324398048  
0.784418306  
46.95537063  
26.98335394  
-15.46464355  
3.825113212  
-19.46761249  
42.72374221  
26.8721999  
-17.94719411  
6.203110495  
-38.00976339  
7.825042391  
12.51116856  
-0.5635302759  
0.3425132571  
14.42380629  
36.18334462  
-3.357187819  
9.241041222  
-0.876145111  
-14.35975182  
17.15420628  
-11.60906433  
-5.122073555  
10.20812388  
7.307081137  
-1.170583659  
36.77836721  
-9.96448966  
-17.3629303  
-40.50367921  
14.74605002  
10.83316299  
6.692259473  
-19.67454527  
15.62842503  
24.87618614  
-15.72108508  
20.35796734  
27.40852328  
49.52939273  
4.677336236  
29.54603602  
8.080216938  
-34.88106964  
-36.48011901  
