-68.72858827  
-65.11913582  
52.36138565  
50.66144393  
-34.72722007  
0.137384721  
-42.07049378  
-39.95385774  
-30.96133501  
39.33313125  
-40.36206097  
39.34557571  
-3.846142433  
84.11254061  
2.039542538  
49.59735713  
28.83949314  
24.46479052  
2.99204154  
-2.282320911  
-15.84548125  
60.93622074  
7.321751648  
18.07491954  
-17.48430843  
45.90131551  
37.83850784  
37.08751395  
-48.66266718  
11.53089303  
-65.69737656  
-26.34078392  
75.3482697  
-53.90843496  
-3.959124961  
5.469676919  
28.88235379  
18.1338894  
65.43471024  
41.74543462  
21.78411354  
1.998947159  
6.391870618  
5.737760346  
25.06465562  
24.82606787  
-42.57989487  
-13.66062838  
-20.81529419  
57.19327689  
2.176688901  
