14.07221874  
-51.51454226  
-20.35386448  
3.684978617  
-50.23913819  
11.84930542  
0.6538556752  
8.325844125  
6.423102483  
-3.222972488  
0.3272514778  
-41.53867459  
27.23868273  
14.06709982  
25.47530068  
-20.19265776  
-30.33832184  
17.9549645  
3.500335232  
15.2685662  
-32.81828137  
24.32562376  
8.174612708  
13.90635712  
24.25861747  
26.13843764  
-16.3843932  
8.127417819  
21.89625948  
40.69739587  
0.245126003  
-29.04052368  
27.76655087  
20.15199749  
14.70338285  
6.659819406  
-31.60093147  
-12.89713163  
39.75686789  
20.67024065  
-2.258726701  
18.4437041  
-10.13741084  
2.248523752  
25.64825242  
3.028671988  
4.441025209  
35.11415925  
-31.65893167  
13.87240156  
8.843889983  
