-86.10431724  
3.103941258  
-29.45862621  
-25.02383013  
-23.21763429  
36.25272106  
-21.08077818  
59.76221143  
28.38026892  
-63.54960918  
27.64275724  
-21.47467533  
0.5017959488  
-1.761926429  
-6.526865919  
20.1532496  
1.288480192  
24.36598622  
18.36662205  
20.67804963  
5.719295599  
38.79237974  
-41.37796393  
26.23370961  
8.023531351  
57.11439762  
-15.0044684  
-30.53044965  
65.77134356  
45.75903818  
2.336795382  
18.94174368  
-42.00553111  
3.666049186  
22.55908782  
-8.794605422  
-3.672827472  
24.59488461  
-0.4485914588  
12.65901657  
-0.102500087  
-17.03051775  
-3.017139277  
-31.85407238  
41.26567477  
44.81410514  
11.61503156  
-5.104250459  
18.82007497  
-31.56042911  
56.71671766  
