-53.77342594  
20.43991793  
1.280142144  
-60.32538522  
-44.95036655  
29.96371842  
-8.712024522  
27.88777755  
20.57687014  
-55.90215727  
-15.98270923  
52.22047372  
49.48397563  
-11.27964914  
-19.62690811  
24.83721054  
-8.682971954  
38.86017213  
29.40941002  
-7.937608957  
16.85819107  
13.17752516  
-3.364051863  
-12.78578395  
-11.89569833  
29.92070855  
-43.06682276  
-11.04508172  
17.2179576  
24.68004432  
6.218264214  
13.26478104  
-24.06617813  
10.44760654  
-0.9065845807  
-52.50976524  
12.2658766  
53.17625612  
5.887791685  
25.14898771  
-0.7141225775  
25.46066126  
-0.1855893175  
-12.0038288  
19.95091319  
48.67696644  
-24.93039538  
-9.374875584  
30.96534666  
1.326225997  
2.431692906  
