-10.21099613  
-19.79886046  
-26.66780549  
18.64087355  
-12.37126057  
-6.935859849  
19.71664252  
25.09678194  
-27.01544311  
6.388132618  
-28.8636267  
34.60781435  
38.82392441  
12.01361222  
-0.5989941378  
13.01665971  
33.7963397  
6.752243365  
23.22396417  
22.34567061  
-3.284212993  
13.24617105  
-0.2230162332  
-12.31164259  
6.359715416  
-12.60780711  
27.17452255  
-1.731512143  
-22.06286676  
2.674104994  
-2.224935395  
-21.25511901  
19.53423756  
-23.62542226  
-12.73331167  
-15.89235239  
1.947676504  
12.95865744  
54.93667221  
19.61967465  
15.62924248  
20.59450227  
-24.7631062  
-4.35202797  
32.03014371  
25.79742379  
-1.718309147  
8.434414964  
-22.88521633  
-40.10719865  
-26.65821397  
