-60.22280407  
-45.51638687  
63.1728648  
-1.599001074  
-8.091342873  
-15.09891872  
-6.90166811  
-34.50244665  
-38.59818462  
1.608302877  
-9.44216929  
40.24503214  
-3.262050838  
43.05296478  
-10.44864225  
-31.29750309  
-30.88023312  
-2.592725067  
7.30008438  
13.25787187  
-39.04575583  
75.92289017  
-4.00717438  
-23.36329185  
0.9371184063  
85.42836809  
28.05837935  
14.55247832  
7.876965823  
29.72503535  
-4.659840286  
-2.885913363  
78.5948766  
-52.5533693  
25.72417649  
-8.523239958  
27.33624763  
3.672335888  
57.18614212  
17.54738183  
-4.287855622  
10.38753898  
5.721353853  
26.34420104  
35.84309915  
62.11142317  
-11.97393037  
30.56217766  
9.687565586  
-54.19854698  
-4.655634959  
