-22.44393092  
-68.67007265  
4.505755134  
12.81773787  
-29.98616865  
-3.355635806  
27.03224386  
-45.50444073  
-21.89474643  
3.459568591  
0.1770769164  
-19.48468159  
26.10082634  
45.5451512  
26.60989667  
0.8806188297  
-45.76120406  
12.01043678  
5.727526929  
14.73434137  
-59.0619481  
-1.991739117  
-6.913214832  
6.530545864  
26.60673676  
51.34382796  
4.515544918  
17.83344572  
25.7181729  
44.85905682  
-27.80632011  
-4.030278508  
39.41449026  
2.358639286  
14.51871237  
10.96984531  
-20.67928072  
-8.489680034  
25.71318945  
11.5722258  
-3.818239239  
55.70831418  
15.41000397  
-0.7176927495  
38.68841881  
-24.92315842  
-29.1069548  
10.0988027  
-21.43743215  
14.68034657  
1.446679971  
