-14.85492551  
8.243288853  
6.623822073  
66.73020377  
16.36812402  
40.11841277  
-34.26223484  
-14.48987711  
-61.55636014  
22.36115358  
-20.35857729  
53.10027285  
3.024656755  
-29.35619784  
-34.50325686  
-89.14521703  
-3.682357223  
13.19219075  
-23.67235338  
37.18336995  
9.885199542  
-4.198428943  
26.36411579  
27.24258693  
11.75319408  
-64.4456135  
-12.15800409  
21.02011351  
-29.79998443  
-8.733013734  
18.55618314  
-8.043616489  
-78.89446628  
33.27066887  
-29.30271337  
-24.00239321  
36.26085693  
-33.96238585  
-34.32830779  
42.72340738  
-23.2570347  
-22.93150033  
-6.677886848  
8.470339051  
4.467630428  
-70.18192178  
6.195867989  
16.18225924  
17.52447621  
9.427212834  
-18.62150783  
