3.04038856  
-47.85245314  
64.08401829  
63.14778897  
-40.20688861  
9.130369985  
-33.84936195  
-25.20263534  
-25.40207635  
-4.795234279  
-32.11531582  
46.57977738  
-11.47800595  
57.68729726  
20.98279264  
28.74514224  
45.03584957  
21.66545873  
21.2133087  
38.00631906  
-63.18246689  
107.6239339  
-32.37889351  
20.12190249  
-2.754483589  
-15.76301177  
43.84657393  
16.25773633  
-10.85058281  
61.02449868  
-28.08903791  
-26.10684372  
-12.72029714  
44.20831589  
9.097448874  
33.28538602  
24.52303645  
-1.95189003  
89.6140255  
20.54945213  
9.678842296  
0.9188482563  
7.531638159  
-18.55316363  
-5.869884948  
38.89146705  
8.638773313  
11.30746411  
-15.75347194  
55.28327444  
3.469042247  
