-89.5754518  
-13.19332061  
14.93048624  
16.16474201  
40.0034488  
17.21389966  
-66.84937756  
45.07532268  
-9.963807676  
90.78859161  
-41.4372119  
35.6406957  
-32.37388496  
19.16399062  
-19.91575868  
-22.88577702  
54.69069049  
1.991065837  
3.520014644  
-29.68055215  
43.35911839  
31.30300844  
14.58658779  
33.1166748  
-30.73231703  
-27.31085027  
38.35778653  
31.65668223  
-30.49958103  
4.041004511  
-44.77974327  
14.52039773  
14.76155158  
-33.21000319  
-45.54076854  
-43.24013878  
38.73068323  
7.029022365  
34.38709542  
9.628617567  
12.67366605  
-21.34514956  
4.184207188  
58.05996012  
-10.78539594  
32.97992269  
13.16963104  
39.08640444  
13.34643756  
9.634450037  
-8.603964167  
