-1.711269246  
-6.940501725  
17.74695433  
16.62761674  
-7.071875662  
3.766370248  
41.82060615  
50.51995517  
2.102698553  
-28.49128358  
-32.88881821  
24.94879295  
28.67251604  
-17.38328313  
2.574191076  
-33.57966628  
28.38623068  
15.13274986  
3.029419283  
23.93476058  
11.15715851  
33.09467898  
-10.23194775  
-16.1871289  
-0.9123757909  
-9.948009252  
25.28935054  
-1.999754605  
-11.25209276  
-15.19568638  
14.18324721  
-7.786306937  
18.6277696  
-5.840862236  
-21.04368239  
-42.64607823  
30.64146932  
-4.873145555  
5.086258592  
-17.68884715  
18.90740349  
21.37663603  
-25.05454754  
24.64532298  
17.64267448  
27.70224516  
10.46478797  
28.50945025  
38.94014136  
-17.44325642  
-22.19141222  
