10.24359878  
-22.32002885  
-14.51277775  
51.39464076  
14.56444787  
26.89367151  
43.0477439  
1.491470493  
-66.27358776  
-21.46791035  
-10.04467688  
-20.58067979  
23.5146973  
-18.98840959  
-8.530080342  
-84.96447588  
2.391911825  
2.389063341  
-20.4972264  
74.7927073  
23.0081226  
-56.26980453  
8.21732795  
31.33290199  
32.10463978  
1.922209665  
37.42998332  
3.667502026  
-34.81573248  
-51.52750095  
-0.2905555434  
-17.70678534  
10.84070164  
-1.319070962  
-68.70737934  
-59.83590995  
54.84624939  
18.61704112  
-15.69830097  
9.842741666  
3.798649728  
3.759282098  
-36.69034388  
8.685734908  
32.0831544  
-59.51555026  
19.54073932  
0.02488027679  
-18.88396232  
77.8220514  
-45.28844389  
