21.29138155  
2.483356702  
92.98608123  
-18.80536976  
-74.4672736  
-56.9330862  
12.63706038  
-63.31303448  
7.089387548  
-13.19023975  
-28.60200446  
60.91154737  
-11.24878832  
-10.20242127  
4.883781906  
27.96377951  
-1.270650681  
19.80253473  
28.45733679  
16.16019856  
22.13929217  
-36.43092408  
51.60807136  
-26.05584392  
-7.147783069  
-24.10915536  
-53.31577863  
-6.957931123  
-53.71498899  
-4.198079209  
-8.386644977  
-5.737946093  
4.076664623  
29.75870666  
-9.013374531  
-36.43245735  
16.06257756  
19.04327736  
-1.817957926  
1.205835036  
-15.68642589  
47.1706652  
-1.813898444  
27.44186883  
8.727656029  
-10.36992682  
-47.16124264  
19.46872014  
8.51177463  
9.948561467  
-54.53430424  
