-0.2852467299  
19.63432542  
12.63719368  
-4.502461469  
-16.75557056  
-5.562896364  
-0.1651282664  
44.06915753  
-2.134768062  
21.27131331  
-7.75669573  
12.31535474  
30.92872256  
28.17605711  
-39.30460165  
41.66033941  
6.246632678  
9.452028461  
-6.176391493  
-54.54380035  
-9.380022332  
23.07828925  
-3.494962802  
-20.02696266  
-11.09459776  
18.27294269  
-55.00334994  
9.284330819  
-28.80268383  
50.40572113  
31.42812344  
5.409830261  
-41.56502309  
38.84755672  
36.52624738  
9.216358088  
6.579109728  
-3.761393652  
-30.51154907  
-23.24949524  
-33.94202027  
2.955600854  
5.382285184  
-21.06964733  
-0.5470900613  
2.170977414  
-4.226596347  
20.31563415  
31.46973968  
-24.53595038  
2.657450307  
