26.58064242  
-41.94482358  
133.5214289  
-16.87851829  
-102.1118968  
56.23418488  
-254.3693495  
-77.04673654  
24.6119679  
-77.36896786  
-30.96128671  
-39.40651759  
77.63974731  
205.106104  
7.981589456  
48.14475066  
-170.2966664  
-2.961995314  
2.916328771  
-118.1922382  
-39.68442734  
35.94908763  
-23.950906  
83.24727103  
-19.79330945  
71.30807742  
21.21255495  
-17.33771247  
37.39610825  
33.66023591  
-47.85223358  
-36.64373709  
-10.80852284  
43.48175079  
-7.973560188  
101.8010458  
-23.85647805  
-1.880754948  
-95.01672868  
28.18642253  
42.70521558  
74.93987381  
3.170630086  
-108.7984371  
-50.21774821  
-52.73729854  
-65.90801053  
98.17102042  
10.66190021  
47.70197133  
35.47414757  
