-89.53201478  
16.48780475  
27.93839349  
-67.85800648  
-70.08398436  
-23.39214917  
-38.54277928  
-57.24629997  
51.07164497  
-51.38690204  
-6.452641189  
73.48834213  
20.73801803  
-7.971763364  
3.453134022  
16.59917562  
-35.08179978  
5.008612489  
58.41042959  
29.44075651  
17.92356758  
-10.34557733  
37.50552034  
-9.257478958  
-5.602596935  
32.17649825  
-27.64257225  
-29.53007562  
9.585532614  
-23.69287963  
-2.724906671  
-1.101719209  
-14.9183476  
53.57582028  
7.328987439  
-80.29493618  
9.020786472  
16.96478266  
-2.118430229  
6.836710699  
-35.26948316  
49.92854081  
-2.799220538  
-17.53736227  
21.56551492  
51.47912079  
-42.96626326  
7.141668018  
15.35177414  
3.746794609  
-6.993897953  
