-28.00182843  
-27.51086984  
45.61868871  
45.72363078  
-24.70491517  
15.38697262  
-21.03414509  
-29.83438791  
-48.62749441  
6.746831552  
-37.25728046  
76.42283834  
-22.29439113  
14.56347837  
-27.5012901  
-34.54644824  
33.80543465  
-13.38124996  
16.84311269  
-0.9164359714  
-13.65802487  
31.12353323  
-26.67238307  
56.00775175  
-20.8326489  
-35.01719251  
62.38724492  
26.7329349  
-3.301699754  
9.612482933  
-27.60484341  
14.39079332  
-23.04036891  
3.620513922  
-20.67248946  
-12.3315746  
16.56238585  
11.5112471  
55.01889164  
-7.797612468  
11.03779461  
1.229705667  
13.008487  
44.08785014  
-30.9829917  
7.578628014  
35.84887924  
-20.8474606  
27.66398738  
5.531562432  
27.21135728  
