10.83736631  
-25.96165706  
-18.69574868  
54.97391927  
-21.24184627  
17.44549787  
4.629402668  
20.19069999  
-44.62326018  
9.67882703  
-6.395861559  
15.21755721  
33.49515696  
2.252692876  
-2.622873598  
-59.44507302  
17.03358791  
26.71761673  
-0.573339268  
-24.72941043  
-6.744980205  
22.86709347  
0.2064611559  
10.30976755  
-7.220735709  
-55.89219338  
12.21367822  
-0.4623348746  
-42.46536319  
-20.9283124  
54.32870981  
-2.629183938  
-31.34761357  
32.00874751  
-22.37978997  
-19.28450853  
28.15636696  
3.251826649  
-17.45149327  
7.134125607  
-12.4751302  
-15.50047878  
-16.32283018  
2.335424865  
-4.457037557  
-15.16765051  
-12.41481738  
16.29838375  
-5.940887941  
-24.23839576  
-19.66336411  
