-41.99199984  
25.26862805  
58.26332075  
-5.214890222  
33.54916522  
-16.99291106  
-53.07809374  
16.24515613  
-5.776101104  
5.22026415  
-11.34956007  
48.33695867  
-25.875943  
-12.05054491  
-36.62553742  
-28.37900537  
19.73688451  
-18.68194096  
6.503766481  
-0.7899745168  
15.48233468  
76.84602461  
-2.334265888  
-13.49268268  
-22.43684196  
32.66846189  
24.30899591  
-3.15525118  
-17.15745467  
-14.32167445  
17.06276622  
0.9669029525  
35.67964136  
-53.95393544  
13.3883797  
-31.03073228  
39.76109984  
9.903160369  
29.85082212  
0.4131680584  
-4.863053541  
-23.16103153  
-8.543069143  
21.047562  
9.067055404  
84.03599533  
15.99140068  
20.56519668  
21.75605357  
-71.50878502  
-9.362866366  
