-35.70712835  
-21.98638515  
1.079841108  
2.354030961  
-34.80758202  
6.849501033  
-42.15879606  
57.03437926  
-27.11687023  
-104.4937186  
48.94524743  
18.12569766  
28.68745522  
123.001018  
31.92826219  
-13.7862215  
-78.31431319  
-6.510854263  
30.63834615  
2.628440995  
9.291722738  
-42.6806875  
-19.46470019  
77.43694421  
58.44069945  
27.71659908  
1.873518129  
27.46167432  
10.56497933  
39.14018137  
8.132414564  
27.42037788  
80.98002911  
27.53561427  
-24.39575801  
13.90486348  
-21.96605207  
-23.81932051  
-107.9227934  
38.06618849  
-61.46439704  
-36.55323402  
-11.27938854  
-77.9931136  
-92.77570135  
56.27871327  
6.218988826  
-8.490293541  
-52.44319806  
33.4135982  
-13.36709278  
