30.12994347  
20.85415811  
33.15007184  
-41.26893396  
-52.14024074  
-8.687437427  
20.10117494  
-25.70487339  
7.514695124  
1.649641977  
-43.50390697  
65.97586775  
44.7555776  
-10.25798258  
-11.61797218  
13.04140544  
-10.86863102  
14.20364496  
7.435169379  
-24.00959913  
6.369843109  
-16.22214536  
38.72957333  
-37.27525921  
-20.47881608  
-28.20849188  
-28.31755035  
17.12772074  
-47.80609914  
-17.26114208  
17.76319707  
-10.56227836  
22.52425849  
6.477921589  
-21.08821932  
-49.29770881  
16.58964855  
29.69786483  
-1.100608909  
21.47847962  
1.749338021  
37.96635973  
-1.359391067  
27.10272685  
-11.66517554  
4.085499982  
-30.72165146  
-10.00304308  
-3.469003161  
31.20981481  
-59.41022428  
