79.53273717  
-9.82861752  
159.3102732  
89.56976987  
-30.72187141  
-11.16980191  
133.2117815  
-82.82524868  
-228.2000347  
4.797350204  
41.17055204  
-32.59454748  
5.817525082  
-110.7335799  
-67.8604897  
-39.45889042  
-23.63241598  
61.57252979  
-38.10131596  
-205.7013883  
-32.86584358  
29.33170919  
-30.33662826  
83.11978707  
24.71831263  
64.22868559  
-65.34755683  
34.57276464  
-8.644365858  
-103.2691129  
33.42075058  
38.06842133  
23.3567517  
4.035246778  
22.44409127  
-34.87126513  
-30.98704668  
-7.03456597  
38.63976601  
3.28187561  
-138.8057696  
1.666902931  
42.48358907  
-59.45827089  
-52.00510246  
0.009157728266  
-94.72326731  
-55.5742653  
40.78735742  
-97.95572281  
-18.34747822  
